1.830000
1.550000
1.590000
1.820000
1.610000
1.620000
19.160000
1.760000
1.520000
1.570000
27.750000
1.370000
21.050000
1.660000
1.720000
10.410000
1.570000
1.560000
2.040000
1.470000
1.360000
20.340000
1.600000
1.600000
1.540000
1.620000
1.730000
1.490000
1.440000
48.680000
1.550000
2.260000
1.650000
1.580000
1.730000
1.600000
31.160000
1.490000
1.930000
13.120000
1.550000
17.680000
5.560000
1.620000
1.550000
1.380000
1.860000
1.650000
1.680000
15.650000
1.520000
22.010000
44.260000
1.560000
1.490000
11.350000
1.350000
1.580000
1.440000
1.350000
1.590000
1.700000
19.590000
1.600000
1.530000
1.580000
1.470000
1.650000
1.360000
1.580000
1.290000
1.420000
1.470000
1.490000
1.530000
1.700000
21.120000
17.770000
1.820000
1.490000
3.050000
2.040000
1.930000
49.420000
3.330000
2.090000
2.600000
3.990000
1.620000
2.330000
1.600000
30.730000
1.530000
29.690000
1.520000
1.920000
1.400000
1.390000
2.470000
43.980000
1.560000
1.630000
1.880000
1.590000
1.390000
1.550000
2.000000
1.570000
1.580000
1.410000
43.760000
1.650000
1.870000
3.150000
36.170000
1.740000
53.620000
1.970000
1.550000
1.620000
1.990000
20.500000
1.870000
1.510000
40.880000
1.680000
1.500000
1.640000
1.530000
1.800000
1.640000
2.130000
1.510000
1.450000
2.010000
2.300000
2.540000
1.610000
1.430000
1.570000
20.700000
1.760000
1.670000
1.850000
1.500000
1.510000
1.500000
40.680000
1.760000
1.480000
1.770000
1.550000
1.440000
1.630000
1.970000
1.650000
1.570000
1.540000
1.500000
1.580000
1.500000
1.420000
1.360000
1.480000
1.500000
1.260000
1.500000
1.510000
56.540000
136.840000
5.500000
1.950000
1.920000
1.440000
35.440000
1.500000
1.480000
20.930000
3.900000
2.130000
1.360000
2.820000
1.570000
2.400000
1.640000
1.800000
1.570000
1.490000
1.600000
1.630000
1.410000
21.660000
2.420000
1.540000
1.670000
1.530000
1.580000
47.240000
1.650000
1.660000
1.820000
1.700000
16.370000
1.820000
18.280000
1.630000
1.920000
1.740000
2.130000
1.500000
1.670000
4.690000
2.120000
1.560000
1.890000
1.510000
1.560000
1.500000
1.520000
9.530000
9.560000
1.490000
1.500000
1.640000
1.480000
1.470000
16.100000
1.950000
1.530000
1.540000
1.510000
1.420000
1.650000
9.730000
22.120000
27.980000
28.620000
1.600000
1.530000
1.620000
1.580000
1.940000
1.630000
1.210000
1.530000
40.930000
1.450000
1.440000
18.600000
2.230000
20.500000
1.380000
1.670000
1.580000
1.620000
1.600000
1.760000
2.180000
1.930000
2.100000
1.370000
2.630000
29.170000
1.690000
34.680000
2.320000
1.500000
1.420000
36.890000
1.570000
48.230000
3.120000
1.610000
11.710000
1.740000
1.630000
26.970000
1.950000
49.640000
1.550000
1.350000
1.990000
1.380000
2.700000
2.030000
1.570000
1.570000
64.410000
1.350000
1.830000
24.590000
1.520000
1.380000
1.400000
27.020000
1.440000
22.060000
1.720000
16.710000
1.590000
3.060000
1.760000
1.550000
1.550000
1.530000
1.710000
1.590000
1.600000
1.560000
2.020000
1.620000
1.610000
26.400000
1.460000
1.570000
1.510000
1.340000
6.190000
1.740000
24.090000
1.520000
7.000000
1.530000
1.380000
1.890000
21.930000
1.510000
1.570000
1.560000
1.550000
1.510000
1.500000
2.470000
1.710000
1.560000
33.080000
1.490000
1.590000
1.970000
28.220000
1.550000
1.800000
1.530000
2.110000
18.410000
1.570000
1.720000
23.400000
1.540000
9.760000
1.800000
1.660000
1.550000
1.940000
1.710000
1.640000
1.510000
1.410000
1.540000
1.600000
1.680000
1.560000
32.370000
1.700000
2.240000
1.530000
1.550000
3.110000
21.470000
57.760000
2.020000
1.880000
36.970000
1.640000
1.580000
1.980000
3.830000
27.320000
1.540000
1.580000
1.770000
1.490000
1.620000
1.590000
1.510000
11.460000
1.570000
1.620000
1.520000
1.370000
1.600000
1.580000
1.610000
1.830000
1.680000
36.040000
1.480000
1.350000
1.680000
1.560000
1.510000
1.840000
94.090000
1.460000
1.500000
1.530000
18.890000
4.520000
1.670000
10.530000
1.520000
1.580000
1.580000
1.540000
2.010000
1.590000
47.830000
1.520000
3.020000
1.620000
1.620000
1.720000
1.730000
1.500000
7.210000
1.800000
1.570000
1.590000
1.520000
1.560000
1.860000
1.700000
1.630000
1.550000
47.680000
1.980000
1.500000
1.560000
29.930000
1.900000
3.390000
1.660000
1.560000
1.540000
1.500000
1.420000
1.890000
3.240000
1.960000
1.540000
1.510000
1.520000
1.580000
30.250000
1.740000
1.490000
1.570000
47.110000
1.440000
1.390000
1.510000
48.700000
1.640000
1.760000
1.880000
1.580000
1.780000
1.600000
1.790000
1.530000
43.070000
1.580000
1.510000
21.190000
13.200000
1.570000
1.490000
1.720000
1.540000
1.470000
1.680000
1.400000
1.770000
1.520000
1.900000
1.910000
1.750000
28.040000
24.240000
1.600000
1.570000
35.880000
1.470000
38.800000
1.940000
1.290000
1.500000
1.520000
1.570000
22.190000
45.430000
1.460000
42.690000
1.710000
36.030000
1.510000
1.550000
1.600000
1.520000
1.500000
28.830000
1.550000
1.560000
1.470000
1.860000
1.550000
1.600000
9.420000
1.580000
1.390000
1.540000
1.690000
1.370000
52.580000
51.310000
1.770000
1.520000
1.600000
3.900000
1.520000
1.550000
1.700000
1.740000
1.720000
2.230000
1.670000
2.300000
2.600000
1.600000
1.500000
1.540000
1.590000
1.590000
1.700000
1.830000
29.810000
1.580000
1.510000
1.530000
1.630000
2.130000
21.120000
1.710000
1.550000
18.810000
1.840000
21.870000
1.500000
40.390000
1.510000
1.420000
1.570000
1.630000
1.630000
1.530000
1.410000
1.580000
1.540000
2.930000
1.550000
1.510000
1.510000
1.590000
36.080000
1.500000
1.630000
1.680000
1.580000
1.470000
1.520000
1.710000
1.570000
9.950000
1.400000
1.540000
1.470000
1.630000
9.800000
1.570000
17.870000
