1.960000
140.510000
1.550000
1.550000
1.590000
1.660000
1.480000
1.500000
1.570000
147.610000
1.580000
1.630000
1.550000
1.550000
6.940000
1.570000
1.610000
20.210000
1.500000
1.490000
1.810000
1.560000
10.410000
1.370000
1.560000
2.040000
1.720000
1.580000
1.830000
1.500000
1.600000
1.540000
1.520000
1.710000
1.570000
1.590000
1.730000
2.270000
1.810000
1.460000
33.760000
1.440000
48.680000
1.550000
1.640000
2.260000
46.880000
33.460000
1.550000
31.160000
1.690000
1.610000
117.110000
19.780000
94.930000
60.590000
6.390000
3.470000
1.960000
1.670000
1.620000
1.510000
1.860000
8.190000
1.540000
1.680000
22.010000
1.560000
1.480000
1.580000
1.420000
1.580000
1.530000
1.530000
1.620000
1.650000
1.510000
1.580000
1.350000
1.680000
1.390000
1.420000
1.470000
1.680000
1.340000
1.520000
1.490000
1.400000
1.700000
1.500000
1.560000
49.310000
1.960000
1.460000
1.680000
17.770000
1.620000
1.530000
1.690000
1.820000
1.490000
2.220000
1.570000
1.770000
20.730000
54.910000
22.710000
1.930000
1.570000
1.670000
1.490000
43.520000
1.380000
1.550000
6.200000
3.270000
2.330000
1.800000
1.660000
1.770000
12.510000
37.570000
1.750000
1.560000
10.780000
1.500000
85.530000
1.920000
1.580000
18.310000
1.400000
1.390000
19.520000
2.470000
1.830000
1.360000
40.660000
1.600000
1.560000
1.730000
1.530000
1.590000
4.630000
21.830000
2.040000
2.000000
39.950000
1.610000
1.440000
1.580000
1.410000
1.650000
1.740000
1.740000
1.730000
1.550000
1.410000
1.870000
1.570000
1.510000
1.330000
1.400000
1.680000
1.680000
1.530000
1.710000
1.900000
1.500000
1.830000
1.530000
1.530000
1.910000
2.160000
8.480000
11.530000
1.610000
1.600000
1.810000
1.630000
1.640000
1.520000
1.720000
2.130000
1.450000
1.660000
1.660000
1.920000
2.540000
1.470000
1.570000
1.510000
1.490000
25.080000
1.760000
1.670000
1.540000
1.550000
1.530000
1.540000
1.510000
27.940000
1.610000
1.480000
1.440000
1.380000
1.440000
1.620000
3.650000
1.630000
1.790000
1.400000
1.530000
2.130000
13.580000
1.470000
35.610000
1.450000
1.650000
1.570000
1.500000
36.220000
1.260000
1.520000
1.540000
1.510000
1.570000
113.450000
114.060000
69.730000
7.710000
1.610000
40.660000
1.770000
1.580000
1.590000
1.760000
1.540000
1.530000
38.790000
1.920000
1.520000
1.580000
1.550000
1.480000
1.500000
1.390000
1.610000
1.940000
1.510000
1.660000
1.510000
1.800000
2.130000
1.530000
1.610000
1.740000
1.810000
3.940000
2.550000
1.590000
1.530000
1.510000
2.400000
1.830000
1.440000
1.790000
2.180000
1.590000
1.440000
1.600000
1.430000
2.670000
22.650000
1.610000
1.490000
33.740000
27.000000
2.420000
1.540000
1.360000
1.490000
1.480000
47.240000
1.480000
1.820000
29.790000
1.720000
1.500000
1.990000
1.820000
18.280000
1.630000
1.690000
1.920000
1.720000
1.580000
11.220000
1.710000
22.000000
3.350000
2.120000
2.040000
4.400000
1.500000
1.490000
1.510000
1.560000
9.530000
1.530000
1.560000
1.460000
1.640000
1.480000
1.640000
1.510000
1.510000
1.500000
1.460000
1.420000
1.770000
1.650000
1.320000
22.120000
1.490000
2.250000
27.980000
1.820000
1.580000
1.540000
1.850000
1.810000
1.480000
1.770000
31.520000
1.620000
2.150000
1.550000
1.530000
1.460000
1.450000
1.780000
1.670000
6.920000
1.440000
1.540000
1.530000
1.750000
2.230000
2.080000
20.500000
1.380000
1.480000
1.870000
1.930000
1.880000
1.580000
21.790000
1.560000
47.590000
1.770000
4.460000
32.360000
2.090000
1.310000
1.680000
1.850000
1.520000
2.180000
1.930000
1.650000
1.600000
2.100000
1.470000
1.380000
1.360000
1.530000
1.490000
1.490000
1.570000
1.920000
1.610000
1.760000
1.580000
1.560000
1.980000
1.680000
1.640000
37.630000
1.420000
1.670000
2.340000
1.940000
1.630000
48.230000
3.120000
1.610000
2.990000
1.590000
1.560000
1.630000
1.720000
1.550000
1.580000
1.570000
64.410000
1.610000
1.510000
1.510000
1.520000
27.020000
28.230000
22.060000
1.470000
4.680000
16.710000
1.670000
1.850000
41.070000
37.530000
1.570000
1.700000
1.690000
1.570000
1.550000
1.590000
1.710000
2.940000
1.590000
1.500000
1.610000
1.320000
2.270000
1.460000
1.590000
1.440000
1.890000
1.610000
1.460000
1.570000
1.510000
1.350000
1.650000
2.430000
3.970000
1.520000
1.530000
1.560000
1.510000
1.600000
1.570000
1.500000
1.380000
1.560000
1.750000
1.510000
1.670000
1.610000
1.730000
1.730000
1.560000
1.560000
2.870000
1.680000
1.490000
2.510000
1.590000
1.450000
1.550000
1.420000
5.490000
1.620000
1.620000
1.560000
1.800000
1.530000
1.730000
13.440000
1.670000
1.510000
1.440000
39.550000
9.500000
22.140000
3.710000
1.800000
1.560000
31.370000
1.590000
1.940000
1.560000
1.490000
1.390000
14.910000
1.740000
1.460000
1.420000
1.540000
2.110000
1.680000
1.600000
35.760000
2.390000
1.560000
1.510000
1.560000
1.560000
35.360000
57.760000
1.740000
5.100000
2.020000
19.540000
36.970000
1.670000
1.960000
2.100000
1.580000
1.610000
1.720000
1.470000
27.320000
1.770000
1.350000
1.900000
1.690000
9.440000
1.540000
1.500000
1.530000
11.460000
1.570000
1.490000
1.520000
1.470000
1.520000
1.680000
1.560000
1.730000
1.520000
1.530000
1.730000
1.600000
1.970000
1.550000
1.560000
1.750000
1.860000
16.610000
1.680000
36.040000
1.660000
36.280000
1.970000
1.680000
1.560000
2.240000
1.330000
1.440000
46.530000
34.310000
83.570000
1.780000
1.460000
1.660000
18.890000
15.150000
1.510000
4.520000
1.520000
1.350000
1.670000
1.640000
1.540000
1.640000
1.550000
1.410000
1.550000
1.460000
1.610000
1.490000
1.340000
1.660000
1.700000
1.530000
47.830000
1.590000
3.010000
1.560000
2.020000
1.530000
1.750000
1.620000
1.620000
1.680000
1.680000
1.500000
1.510000
1.590000
1.700000
7.210000
1.580000
7.900000
8.170000
1.890000
1.540000
1.860000
1.610000
1.500000
1.930000
1.500000
1.980000
1.550000
1.570000
1.490000
1.480000
1.510000
7.750000
1.620000
20.540000
1.560000
1.500000
1.500000
1.370000
1.620000
1.890000
2.400000
1.960000
1.540000
1.490000
1.570000
1.530000
18.240000
31.770000
1.840000
1.600000
1.510000
1.470000
1.510000
1.570000
1.610000
1.390000
1.570000
1.570000
1.550000
1.700000
1.760000
77.760000
1.590000
9.200000
48.460000
1.530000
1.420000
1.500000
1.560000
1.580000
1.510000
11.310000
1.610000
1.500000
29.490000
17.460000
21.190000
1.540000
13.200000
44.610000
2.440000
49.600000
1.580000
1.350000
1.490000
27.090000
1.680000
1.400000
1.560000
1.610000
1.540000
1.770000
2.080000
1.900000
1.690000
1.750000
28.040000
1.810000
1.570000
1.830000
1.460000
1.710000
8.340000
1.470000
1.290000
1.500000
16.380000
1.550000
1.780000
1.550000
17.900000
22.970000
25.020000
41.810000
1.500000
1.460000
1.540000
1.460000
2.100000
14.880000
1.560000
36.030000
1.590000
1.550000
1.520000
1.580000
1.500000
1.500000
2.070000
2.290000
42.660000
2.240000
1.860000
1.390000
1.500000
1.780000
1.540000
1.600000
1.650000
1.620000
42.370000
1.510000
35.250000
39.690000
1.480000
1.600000
1.560000
2.940000
1.570000
1.470000
1.740000
2.280000
31.480000
1.610000
1.720000
2.620000
1.550000
2.650000
1.670000
2.000000
35.160000
1.540000
1.540000
2.920000
11.090000
1.770000
1.660000
33.110000
1.500000
1.790000
24.440000
4.870000
1.320000
2.260000
1.460000
1.600000
1.570000
1.830000
29.810000
1.350000
29.330000
1.560000
1.620000
1.530000
1.630000
1.690000
1.710000
22.020000
1.650000
12.400000
1.380000
21.870000
1.510000
1.610000
40.390000
1.510000
1.540000
1.640000
1.390000
1.600000
1.630000
1.520000
2.090000
1.520000
1.580000
1.530000
1.520000
31.480000
39.380000
23.630000
1.510000
1.510000
38.150000
1.600000
1.590000
1.860000
1.560000
1.520000
1.630000
1.580000
46.480000
4.190000
2.230000
38.720000
1.610000
1.580000
38.230000
18.700000
1.470000
1.580000
1.800000
1.490000
1.520000
1.570000
2.860000
36.280000
1.690000
1.710000
1.570000
1.480000
1.500000
9.950000
1.590000
1.520000
1.930000
1.490000
18.700000
1.500000
1.640000
1.470000
1.520000
1.490000
1.580000
1.630000
1.500000
1.570000
1.670000
1.380000
1.490000
1.660000
