1.960000
1.830000
4.960000
43.740000
1.550000
1.820000
1.590000
1.500000
1.570000
1.840000
1.820000
17.050000
1.990000
14.410000
1.620000
2.090000
1.600000
1.610000
1.550000
1.550000
8.570000
6.940000
1.550000
1.520000
12.440000
1.570000
1.610000
1.340000
2.110000
1.600000
20.210000
1.490000
1.660000
1.810000
25.360000
10.410000
1.370000
1.490000
1.570000
1.560000
1.690000
2.000000
2.040000
1.470000
1.290000
1.720000
1.510000
41.240000
1.610000
1.830000
1.600000
1.600000
1.540000
1.520000
1.590000
12.700000
1.640000
1.620000
21.390000
3.560000
18.740000
1.510000
1.490000
1.720000
33.760000
1.440000
1.490000
48.680000
1.440000
1.550000
1.490000
1.650000
30.230000
1.730000
2.280000
46.880000
33.460000
31.160000
1.690000
1.590000
1.610000
1.490000
1.540000
29.180000
1.930000
19.780000
94.930000
60.590000
36.560000
1.670000
1.960000
103.640000
1.550000
15.290000
17.680000
1.530000
5.560000
1.620000
52.150000
1.490000
10.550000
1.550000
1.530000
1.510000
43.290000
8.190000
1.600000
1.500000
1.420000
1.540000
1.580000
1.680000
2.030000
11.540000
1.520000
30.470000
44.260000
1.610000
1.320000
1.350000
1.340000
1.480000
1.580000
1.440000
1.590000
1.440000
11.840000
1.520000
1.770000
19.590000
1.380000
1.520000
1.530000
1.600000
1.530000
1.580000
1.630000
1.410000
1.580000
1.410000
1.510000
1.530000
1.510000
1.540000
1.710000
49.240000
23.520000
1.520000
1.680000
1.270000
1.210000
1.900000
1.340000
1.290000
1.420000
1.470000
1.680000
1.520000
1.490000
1.490000
1.550000
1.830000
1.510000
49.310000
1.720000
1.500000
1.530000
31.430000
1.460000
21.120000
1.680000
1.910000
2.020000
2.480000
3.420000
26.420000
1.610000
2.190000
3.600000
3.050000
1.550000
2.550000
1.830000
2.790000
1.770000
20.730000
4.260000
1.730000
1.670000
3.680000
1.570000
49.420000
95.060000
2.630000
1.540000
1.490000
11.090000
1.380000
1.550000
3.030000
2.500000
14.890000
1.600000
23.730000
2.440000
4.010000
1.600000
1.720000
1.660000
34.170000
1.660000
12.510000
37.570000
1.630000
1.530000
10.780000
2.070000
1.760000
3.190000
1.690000
1.500000
1.350000
1.050000
1.210000
1.520000
85.530000
1.670000
1.390000
26.530000
17.690000
1.390000
19.520000
1.330000
2.470000
1.830000
1.550000
1.360000
40.660000
4.940000
1.700000
7.060000
1.630000
1.570000
21.930000
1.640000
2.270000
2.050000
1.880000
22.180000
8.470000
1.590000
1.470000
1.520000
4.630000
21.830000
2.040000
1.660000
1.730000
1.810000
1.480000
2.000000
1.610000
1.570000
39.950000
1.610000
1.410000
1.650000
1.740000
35.120000
1.870000
1.470000
36.170000
1.600000
1.600000
53.620000
1.600000
1.660000
1.690000
1.700000
21.070000
1.600000
1.990000
2.220000
11.400000
1.570000
1.510000
1.620000
1.400000
1.680000
48.720000
1.650000
1.830000
1.610000
1.610000
1.550000
11.530000
1.610000
2.240000
1.700000
19.590000
1.760000
1.630000
1.940000
1.450000
5.320000
1.600000
1.510000
1.580000
1.450000
1.660000
1.660000
1.630000
1.560000
1.610000
1.430000
1.430000
1.570000
1.490000
1.580000
1.510000
1.490000
1.670000
1.510000
1.540000
4.100000
1.850000
1.550000
1.530000
1.560000
1.510000
1.500000
27.940000
1.620000
1.600000
1.770000
1.560000
1.670000
1.440000
1.380000
1.620000
3.650000
1.970000
1.790000
1.400000
1.640000
1.510000
1.730000
9.910000
1.770000
13.180000
1.470000
1.580000
35.610000
1.620000
1.650000
1.420000
1.490000
1.660000
1.730000
1.500000
1.530000
1.500000
1.520000
1.510000
56.540000
114.060000
17.170000
106.210000
3.650000
2.210000
1.860000
1.650000
1.770000
1.590000
1.800000
1.550000
1.490000
1.760000
1.540000
1.340000
1.510000
38.790000
1.920000
1.530000
1.440000
1.410000
1.580000
35.440000
1.500000
1.390000
1.610000
1.390000
39.040000
1.940000
20.930000
3.900000
1.660000
1.480000
1.510000
1.510000
1.710000
1.760000
1.500000
1.610000
1.820000
1.540000
1.550000
1.910000
1.360000
1.330000
3.940000
2.820000
1.490000
2.550000
1.590000
1.690000
2.400000
1.640000
2.130000
1.800000
1.790000
2.180000
1.590000
1.440000
1.720000
3.450000
1.490000
1.600000
1.430000
1.730000
2.670000
1.630000
1.570000
1.610000
1.490000
22.900000
1.420000
1.490000
24.300000
1.580000
1.530000
1.490000
1.480000
1.460000
1.580000
47.240000
1.480000
21.870000
1.650000
1.510000
1.530000
1.650000
2.020000
1.480000
29.790000
1.800000
1.590000
1.920000
1.710000
1.500000
1.890000
1.700000
1.810000
2.280000
1.520000
1.470000
1.820000
18.280000
1.630000
1.920000
1.740000
2.670000
1.890000
2.220000
2.130000
1.710000
1.590000
1.590000
1.590000
1.660000
1.690000
49.770000
22.000000
1.620000
1.510000
2.120000
2.040000
42.780000
1.500000
1.890000
1.490000
1.510000
2.380000
1.560000
1.500000
24.160000
9.530000
9.560000
1.490000
1.530000
1.500000
1.560000
1.920000
1.640000
1.520000
1.480000
1.640000
1.570000
1.500000
1.950000
1.540000
1.510000
1.500000
1.530000
1.510000
1.540000
1.770000
1.410000
1.500000
26.050000
1.330000
2.250000
27.980000
105.550000
2.040000
1.510000
1.690000
1.920000
28.620000
1.570000
1.510000
1.500000
1.850000
38.670000
1.480000
1.560000
1.770000
1.880000
31.520000
1.580000
1.540000
1.940000
2.370000
1.870000
1.550000
1.670000
1.400000
1.450000
1.320000
1.780000
1.670000
1.690000
31.260000
1.860000
1.530000
1.750000
21.190000
1.380000
1.540000
1.670000
1.930000
1.710000
1.960000
1.650000
1.610000
1.670000
1.600000
1.880000
1.580000
1.580000
1.620000
1.790000
4.460000
1.580000
2.110000
20.720000
1.680000
1.850000
1.520000
2.100000
1.930000
1.600000
1.640000
1.550000
1.470000
1.380000
1.360000
1.500000
1.530000
1.490000
2.630000
4.830000
1.540000
1.570000
1.740000
1.660000
1.600000
1.540000
1.920000
34.680000
1.590000
2.210000
1.610000
1.760000
1.630000
1.580000
5.320000
1.560000
1.800000
1.680000
1.640000
1.500000
2.340000
1.620000
1.600000
2.060000
1.620000
1.600000
1.610000
11.710000
1.520000
1.550000
1.590000
1.740000
1.610000
26.970000
1.950000
34.870000
1.630000
1.510000
1.720000
1.550000
1.700000
1.480000
1.300000
1.990000
1.550000
1.640000
1.850000
2.030000
1.800000
23.730000
1.520000
1.600000
170.880000
64.410000
1.640000
1.630000
1.560000
1.560000
1.510000
1.510000
1.830000
24.590000
1.400000
32.940000
1.440000
1.430000
1.680000
1.470000
23.170000
4.680000
16.710000
1.630000
1.680000
1.590000
1.600000
1.950000
1.760000
1.700000
37.780000
1.740000
1.650000
13.410000
1.850000
1.550000
1.550000
1.590000
1.570000
1.710000
1.550000
1.510000
2.940000
33.320000
2.190000
1.520000
1.590000
1.600000
1.500000
1.610000
1.320000
1.560000
2.060000
2.270000
1.590000
2.020000
1.470000
1.440000
1.670000
1.890000
1.540000
1.410000
1.590000
1.450000
1.610000
26.400000
1.510000
45.200000
1.510000
1.700000
1.350000
54.910000
1.230000
1.470000
1.490000
6.190000
1.650000
1.740000
1.510000
2.470000
1.550000
1.520000
1.540000
1.530000
1.410000
1.470000
1.380000
1.890000
1.560000
1.600000
1.520000
1.660000
1.550000
1.470000
1.500000
1.360000
1.560000
1.540000
41.150000
1.430000
1.500000
1.610000
2.470000
1.730000
2.040000
1.730000
1.610000
1.560000
2.870000
11.670000
2.040000
1.920000
53.400000
1.330000
1.500000
1.520000
1.960000
1.510000
1.740000
1.590000
1.640000
1.490000
1.550000
1.970000
1.510000
28.220000
24.010000
1.620000
1.650000
1.560000
1.810000
22.500000
1.620000
1.550000
1.800000
23.630000
1.530000
1.550000
37.570000
1.870000
1.730000
13.440000
1.670000
1.370000
1.510000
20.870000
10.920000
1.610000
39.550000
1.840000
1.610000
1.580000
8.790000
1.600000
1.570000
1.900000
22.140000
1.540000
32.710000
1.480000
9.760000
2.890000
38.690000
2.060000
1.520000
1.560000
1.590000
1.710000
1.640000
1.560000
1.430000
1.490000
1.390000
1.510000
1.460000
1.830000
2.110000
1.680000
1.880000
1.600000
1.660000
1.950000
35.760000
1.970000
2.140000
1.850000
1.510000
1.510000
1.560000
1.510000
35.880000
2.680000
1.520000
1.550000
2.240000
1.500000
1.530000
1.530000
1.520000
1.470000
1.590000
1.530000
1.550000
1.530000
1.740000
1.720000
5.100000
1.840000
19.540000
1.880000
1.930000
36.970000
1.480000
1.580000
1.490000
1.510000
1.710000
1.640000
1.590000
1.720000
1.980000
19.480000
1.770000
1.530000
1.540000
1.770000
1.540000
1.530000
1.420000
1.900000
1.490000
1.500000
1.570000
1.590000
1.530000
1.510000
11.460000
8.900000
1.880000
1.570000
1.690000
1.520000
49.330000
1.480000
1.500000
2.010000
1.560000
1.240000
1.360000
1.520000
1.550000
1.530000
1.830000
1.520000
1.560000
1.830000
1.600000
1.910000
1.680000
36.040000
1.810000
36.350000
1.480000
1.350000
7.180000
36.280000
1.970000
1.560000
17.620000
1.550000
1.750000
1.620000
2.240000
1.330000
1.440000
1.780000
46.530000
1.530000
83.570000
65.960000
1.790000
94.090000
1.550000
1.510000
1.550000
15.150000
1.510000
1.360000
1.350000
1.360000
1.670000
1.640000
24.750000
41.650000
1.540000
25.670000
1.490000
1.650000
1.500000
48.270000
1.500000
1.580000
1.550000
1.460000
28.210000
1.620000
1.340000
1.480000
1.540000
2.010000
1.700000
1.590000
1.570000
1.590000
3.010000
1.490000
1.570000
1.520000
1.600000
1.540000
1.560000
2.020000
1.620000
1.760000
1.760000
1.680000
1.590000
1.600000
1.640000
2.520000
1.550000
1.530000
84.210000
1.500000
1.490000
1.600000
1.700000
1.800000
1.520000
1.430000
1.220000
1.490000
4.450000
8.170000
1.540000
1.620000
1.610000
1.700000
1.560000
1.620000
1.500000
1.930000
1.360000
1.570000
29.730000
1.490000
2.040000
1.530000
1.550000
1.590000
1.570000
1.530000
1.500000
29.930000
1.490000
2.230000
1.520000
40.140000
1.510000
1.510000
7.750000
20.540000
1.560000
1.630000
1.540000
23.790000
18.430000
1.500000
1.500000
1.370000
1.420000
1.650000
1.620000
1.540000
1.890000
1.610000
1.590000
1.510000
1.960000
1.540000
1.570000
26.530000
29.810000
1.840000
1.600000
2.060000
1.470000
1.740000
1.810000
1.490000
1.510000
1.510000
1.450000
1.570000
47.110000
1.440000
1.330000
1.390000
1.510000
1.770000
1.770000
1.570000
1.740000
1.550000
6.730000
15.650000
1.700000
1.760000
48.460000
1.800000
1.590000
1.590000
36.380000
1.540000
1.530000
43.070000
1.620000
1.820000
1.560000
1.980000
1.580000
1.510000
9.500000
1.700000
29.490000
1.320000
17.460000
1.530000
10.960000
1.480000
1.570000
1.490000
1.540000
2.440000
1.640000
49.600000
33.210000
1.550000
1.490000
1.490000
1.500000
1.580000
2.870000
1.350000
1.240000
1.440000
1.490000
1.490000
1.620000
23.980000
1.470000
1.520000
1.600000
1.620000
2.070000
1.680000
1.570000
1.560000
1.540000
1.640000
1.690000
28.040000
1.650000
1.690000
1.570000
1.830000
1.600000
1.460000
8.340000
27.770000
38.800000
1.940000
1.490000
1.290000
1.290000
1.520000
1.850000
1.540000
1.570000
1.550000
1.400000
1.570000
1.410000
1.720000
9.340000
1.540000
1.550000
1.700000
1.650000
1.570000
1.700000
3.930000
35.450000
1.830000
41.810000
22.190000
42.420000
1.610000
1.460000
1.460000
34.610000
2.100000
34.750000
1.560000
36.030000
1.500000
1.560000
1.720000
1.530000
1.500000
1.600000
1.520000
1.550000
1.610000
1.510000
2.290000
1.470000
1.550000
1.550000
1.560000
1.880000
1.550000
1.390000
1.570000
1.540000
1.860000
2.240000
1.860000
1.390000
1.550000
1.510000
1.780000
1.530000
1.680000
1.390000
1.540000
1.650000
9.760000
1.640000
1.690000
1.630000
1.370000
1.360000
1.430000
1.350000
1.460000
25.370000
1.550000
52.580000
53.520000
53.070000
39.690000
26.920000
1.520000
1.480000
1.600000
1.560000
2.940000
3.900000
1.780000
2.680000
1.570000
1.560000
1.600000
1.700000
21.580000
31.480000
2.460000
2.620000
2.820000
35.350000
1.740000
8.720000
1.550000
2.650000
1.560000
1.760000
1.670000
1.780000
3.520000
2.250000
1.640000
1.520000
2.950000
1.540000
2.920000
1.570000
2.860000
2.300000
2.690000
1.700000
1.520000
1.580000
44.760000
1.660000
33.110000
1.600000
1.500000
1.790000
13.680000
24.440000
4.870000
1.500000
1.580000
1.530000
1.540000
1.460000
1.860000
1.600000
1.700000
1.700000
29.810000
1.670000
1.350000
29.330000
1.580000
1.510000
1.600000
1.560000
1.510000
1.620000
1.900000
1.460000
1.370000
1.790000
38.980000
1.570000
1.830000
8.400000
1.870000
18.560000
1.680000
2.150000
1.710000
1.650000
1.490000
22.020000
1.840000
1.520000
1.650000
1.540000
12.400000
1.380000
21.870000
2.120000
1.630000
1.510000
48.410000
1.510000
1.510000
1.420000
1.390000
1.500000
1.490000
1.600000
1.630000
1.510000
1.630000
1.520000
1.410000
1.520000
3.150000
1.580000
8.620000
1.490000
1.540000
1.540000
1.530000
1.570000
1.500000
2.740000
2.930000
1.550000
39.380000
1.520000
1.550000
1.550000
38.150000
1.500000
1.510000
1.600000
2.130000
1.860000
1.640000
1.560000
1.560000
1.740000
1.710000
36.720000
1.410000
1.520000
1.630000
4.190000
1.540000
1.820000
34.420000
1.520000
12.690000
2.230000
22.900000
1.720000
1.610000
41.900000
1.680000
3.760000
1.660000
38.720000
1.840000
1.580000
18.700000
1.470000
1.580000
1.520000
1.800000
1.490000
1.570000
36.280000
1.690000
1.710000
1.570000
1.500000
22.720000
1.560000
1.580000
1.530000
1.930000
1.560000
1.500000
1.490000
1.500000
1.540000
1.580000
1.480000
1.630000
1.490000
1.530000
1.670000
1.490000
1.500000
