1.810000
1.500000
1.830000
4.960000
140.510000
1.700000
1.550000
1.820000
1.630000
1.480000
1.630000
1.500000
1.890000
1.610000
1.560000
14.410000
1.620000
147.610000
2.090000
1.600000
1.610000
1.550000
8.570000
6.940000
1.740000
1.520000
1.570000
1.610000
2.110000
1.400000
1.600000
20.210000
1.500000
1.490000
1.660000
1.810000
1.710000
1.370000
1.570000
1.690000
2.000000
2.040000
1.870000
2.070000
1.360000
20.340000
22.550000
2.260000
1.580000
1.830000
1.500000
54.850000
1.520000
1.540000
1.520000
1.590000
19.340000
1.730000
2.270000
1.530000
1.490000
1.810000
1.560000
1.510000
48.680000
1.440000
1.640000
1.490000
1.580000
1.680000
24.360000
30.230000
1.550000
1.690000
1.590000
1.490000
49.350000
1.510000
15.290000
1.530000
1.670000
1.620000
10.550000
1.550000
1.530000
1.380000
1.860000
1.600000
36.140000
1.420000
1.420000
27.990000
1.550000
1.510000
1.590000
1.540000
1.580000
22.010000
30.470000
1.420000
44.260000
1.480000
1.320000
1.350000
1.340000
1.430000
1.590000
16.730000
1.770000
1.440000
1.580000
11.840000
1.770000
1.520000
1.530000
1.600000
1.580000
1.630000
1.470000
1.580000
1.650000
1.360000
1.580000
1.210000
1.290000
1.600000
1.470000
1.400000
1.490000
1.500000
1.550000
1.510000
49.310000
1.500000
1.380000
31.430000
21.120000
3.790000
1.990000
1.910000
1.530000
1.690000
2.480000
1.820000
1.640000
3.420000
1.610000
1.490000
3.600000
3.050000
20.970000
1.570000
1.510000
2.910000
1.520000
1.730000
1.570000
1.950000
1.670000
1.510000
1.490000
11.090000
10.530000
1.750000
3.030000
18.910000
3.990000
1.620000
14.890000
23.730000
2.330000
2.440000
1.600000
1.720000
1.660000
1.770000
37.570000
1.750000
1.510000
3.190000
1.690000
1.500000
1.210000
1.920000
1.580000
1.570000
1.670000
1.400000
1.830000
1.360000
1.560000
1.490000
4.940000
1.730000
1.660000
1.700000
47.610000
7.060000
1.630000
1.570000
21.930000
2.270000
1.530000
1.880000
22.180000
8.470000
1.380000
1.390000
1.520000
4.630000
21.830000
1.730000
4.320000
39.950000
43.760000
1.740000
1.870000
2.190000
3.150000
1.740000
1.600000
1.670000
1.970000
24.110000
1.790000
1.680000
1.550000
1.620000
1.990000
1.540000
23.870000
2.220000
20.500000
11.400000
1.570000
1.510000
1.330000
1.620000
40.880000
1.680000
1.650000
1.710000
3.070000
1.830000
1.610000
1.640000
1.550000
2.160000
8.480000
1.660000
1.600000
1.810000
1.660000
1.800000
39.660000
1.640000
1.720000
1.450000
5.320000
2.130000
1.600000
1.510000
1.450000
5.240000
1.530000
1.660000
1.630000
1.550000
1.560000
2.010000
2.300000
2.970000
1.440000
1.580000
1.490000
20.700000
1.540000
1.510000
1.510000
1.750000
1.620000
2.080000
1.670000
1.440000
1.380000
4.210000
1.400000
1.650000
13.580000
13.180000
1.580000
35.610000
1.450000
1.360000
1.570000
1.830000
1.660000
1.500000
1.490000
1.500000
1.520000
1.820000
1.540000
1.570000
114.060000
69.730000
17.170000
1.610000
106.210000
1.860000
1.770000
1.580000
1.800000
1.490000
1.610000
1.540000
1.580000
2.150000
1.530000
1.510000
1.530000
1.440000
1.410000
1.520000
1.520000
1.550000
1.530000
1.390000
1.610000
1.500000
1.730000
1.630000
1.570000
3.900000
1.510000
1.510000
18.920000
2.130000
1.500000
1.820000
1.360000
1.570000
1.740000
1.810000
2.820000
2.030000
2.270000
1.500000
1.690000
2.590000
1.570000
1.510000
1.640000
1.440000
1.520000
1.790000
2.180000
1.530000
1.570000
1.440000
1.490000
1.500000
1.550000
1.490000
37.240000
1.650000
2.670000
1.630000
1.490000
1.670000
22.900000
1.490000
1.580000
1.490000
1.480000
1.460000
1.580000
47.240000
1.660000
2.020000
1.480000
1.480000
1.500000
1.820000
1.990000
1.590000
6.720000
1.890000
1.810000
1.990000
1.520000
1.470000
18.280000
1.590000
11.220000
2.670000
2.220000
1.920000
1.660000
22.000000
3.250000
42.780000
1.730000
1.510000
1.560000
1.840000
1.550000
24.160000
1.610000
1.530000
3.010000
1.480000
1.640000
1.570000
1.600000
16.100000
1.500000
1.510000
1.510000
1.540000
1.510000
1.420000
3.550000
1.650000
1.500000
9.730000
1.390000
22.120000
1.490000
1.690000
28.620000
1.570000
2.100000
1.960000
1.600000
1.480000
1.640000
1.560000
31.520000
1.580000
2.150000
1.940000
1.850000
1.630000
1.320000
1.440000
1.550000
1.530000
1.670000
1.400000
1.440000
1.480000
31.260000
1.860000
1.530000
1.750000
2.230000
21.190000
1.540000
1.480000
1.540000
1.670000
2.010000
1.870000
50.140000
1.930000
1.650000
1.610000
1.670000
1.570000
1.880000
46.120000
1.580000
1.620000
17.670000
1.580000
8.380000
2.110000
32.360000
2.090000
1.760000
1.890000
1.660000
2.180000
2.060000
1.600000
1.640000
1.550000
1.400000
1.370000
1.530000
1.740000
1.660000
1.550000
1.690000
1.610000
1.630000
5.320000
1.560000
1.640000
1.420000
1.670000
1.610000
36.890000
1.620000
1.570000
1.600000
3.120000
1.600000
2.820000
1.550000
1.540000
1.950000
49.640000
1.560000
24.020000
1.700000
2.460000
1.910000
1.480000
1.300000
1.990000
1.550000
1.550000
1.580000
1.520000
1.560000
1.570000
1.480000
1.640000
14.290000
1.510000
1.830000
1.380000
1.400000
1.520000
1.520000
28.230000
1.440000
1.680000
1.680000
1.850000
41.070000
1.590000
1.950000
1.670000
1.700000
3.360000
1.850000
1.550000
1.550000
1.590000
1.570000
1.530000
2.190000
29.580000
1.520000
1.590000
1.610000
1.320000
2.060000
1.590000
1.460000
1.590000
1.380000
2.020000
1.670000
1.620000
1.490000
1.590000
1.610000
2.010000
1.570000
45.200000
54.910000
1.230000
1.340000
1.470000
1.490000
1.510000
6.190000
1.650000
55.040000
2.430000
1.740000
1.510000
38.430000
2.470000
2.120000
3.970000
1.350000
1.520000
1.610000
1.520000
17.720000
1.530000
1.380000
1.600000
1.890000
21.930000
1.770000
1.600000
1.550000
1.570000
1.560000
1.500000
1.560000
1.750000
12.700000
1.670000
1.610000
1.710000
1.730000
1.900000
1.730000
1.870000
1.710000
1.610000
33.080000
1.680000
2.040000
1.920000
2.510000
1.330000
1.460000
1.430000
1.590000
1.510000
1.740000
1.690000
1.640000
1.440000
1.600000
1.490000
1.550000
5.490000
1.620000
1.620000
1.550000
1.810000
22.500000
1.620000
1.990000
1.750000
1.550000
23.630000
1.530000
1.550000
1.460000
1.560000
1.370000
2.110000
1.510000
20.870000
1.610000
1.440000
1.840000
1.610000
1.580000
13.960000
1.590000
18.410000
26.330000
1.980000
1.540000
1.720000
1.540000
9.760000
1.740000
1.760000
38.690000
2.060000
46.560000
1.560000
1.940000
1.710000
1.590000
1.560000
1.490000
1.500000
33.460000
1.840000
1.660000
1.640000
1.600000
1.440000
2.410000
1.530000
1.560000
1.510000
1.520000
2.240000
1.530000
1.520000
35.360000
1.600000
1.590000
1.540000
1.440000
1.450000
1.920000
3.110000
21.470000
1.380000
41.990000
1.930000
36.970000
2.400000
80.630000
1.480000
2.100000
1.490000
12.540000
27.360000
1.720000
3.830000
27.320000
1.540000
18.300000
1.770000
2.250000
1.530000
1.420000
20.080000
1.690000
1.540000
1.930000
1.590000
1.920000
1.530000
1.590000
1.610000
1.950000
1.540000
1.570000
1.490000
1.520000
1.690000
1.470000
49.330000
1.730000
1.240000
1.360000
1.530000
1.530000
1.850000
1.700000
1.550000
1.650000
1.500000
1.830000
1.750000
1.650000
1.910000
1.810000
1.350000
1.660000
1.680000
17.620000
1.540000
1.500000
1.510000
1.620000
2.240000
1.780000
1.880000
1.690000
1.840000
46.530000
34.310000
8.240000
65.960000
1.780000
1.660000
1.550000
1.530000
18.890000
1.510000
1.510000
15.150000
1.510000
32.450000
1.360000
46.910000
24.750000
2.180000
41.650000
1.780000
1.630000
10.530000
1.510000
25.670000
1.640000
1.550000
1.650000
1.500000
1.520000
1.580000
1.610000
28.210000
1.490000
1.550000
1.540000
2.010000
1.700000
1.760000
47.830000
1.590000
1.810000
1.490000
1.590000
1.520000
1.600000
1.560000
1.500000
1.750000
1.870000
1.540000
1.580000
1.770000
1.590000
1.580000
2.520000
1.680000
1.840000
1.570000
1.730000
1.500000
1.490000
1.500000
1.600000
1.590000
1.700000
1.590000
15.820000
1.520000
1.520000
7.900000
1.890000
1.620000
1.700000
1.560000
1.500000
1.540000
1.360000
47.680000
1.570000
1.500000
2.040000
1.620000
1.530000
1.500000
29.930000
3.390000
1.490000
40.140000
1.510000
20.540000
18.430000
1.500000
1.680000
1.370000
1.650000
1.540000
1.960000
1.570000
1.490000
1.570000
1.530000
1.600000
31.770000
29.810000
1.600000
1.470000
1.740000
1.810000
1.510000
1.450000
1.390000
1.770000
1.770000
1.300000
1.740000
1.550000
2.010000
1.610000
6.730000
48.460000
1.780000
1.530000
1.530000
43.070000
1.420000
1.620000
1.530000
1.580000
1.560000
1.510000
1.500000
1.320000
1.540000
1.570000
1.540000
1.550000
1.490000
1.610000
1.490000
1.240000
1.720000
1.490000
1.880000
27.090000
1.650000
1.520000
1.600000
10.980000
2.070000
1.680000
1.400000
6.950000
1.510000
1.440000
1.560000
1.610000
2.080000
1.520000
1.900000
1.690000
1.640000
1.690000
1.880000
1.460000
20.650000
1.570000
1.710000
8.340000
35.880000
1.620000
38.800000
1.290000
1.490000
1.500000
1.540000
1.590000
16.380000
1.570000
1.400000
1.600000
1.780000
1.570000
9.340000
1.540000
1.560000
1.650000
22.970000
22.190000
1.500000
1.600000
1.610000
1.460000
1.460000
34.610000
2.100000
34.750000
1.560000
1.590000
1.510000
1.500000
1.500000
1.600000
1.610000
1.550000
1.370000
2.070000
1.530000
28.830000
2.290000
1.550000
1.860000
1.550000
1.390000
1.470000
1.510000
1.570000
1.550000
9.420000
1.580000
1.780000
1.530000
1.680000
1.540000
1.650000
1.620000
1.680000
1.890000
1.640000
1.610000
1.320000
25.370000
1.550000
51.310000
53.520000
1.770000
1.510000
35.250000
105.140000
39.690000
1.610000
1.480000
1.570000
1.600000
1.780000
7.100000
1.780000
1.470000
1.490000
1.600000
6.970000
1.740000
21.580000
31.480000
1.610000
2.460000
2.620000
2.230000
1.740000
1.930000
2.650000
1.560000
1.640000
1.670000
1.880000
9.000000
19.030000
1.640000
2.950000
2.920000
1.520000
1.490000
1.500000
1.540000
1.490000
1.480000
1.560000
1.590000
1.320000
1.530000
1.540000
2.330000
1.600000
1.410000
1.700000
1.700000
29.810000
1.510000
29.330000
1.580000
1.560000
1.620000
1.460000
1.790000
1.900000
1.570000
1.830000
8.400000
1.580000
1.540000
1.690000
1.550000
1.680000
21.120000
1.620000
1.550000
1.490000
22.020000
12.400000
1.380000
1.390000
1.520000
1.510000
1.510000
1.510000
1.670000
1.610000
1.500000
1.540000
1.600000
1.670000
1.560000
1.510000
1.490000
1.570000
1.530000
1.460000
1.520000
1.460000
1.530000
8.620000
1.570000
1.570000
1.540000
1.550000
23.630000
1.500000
1.550000
1.860000
36.080000
1.740000
1.500000
1.510000
36.720000
1.380000
1.400000
1.410000
1.520000
1.630000
1.580000
46.480000
4.190000
1.540000
1.520000
1.660000
22.900000
1.720000
1.610000
41.900000
1.840000
1.610000
38.230000
1.580000
1.580000
1.520000
1.800000
1.490000
1.520000
36.280000
1.510000
1.690000
2.480000
1.560000
22.720000
1.560000
1.530000
1.590000
1.590000
1.400000
1.930000
1.560000
1.530000
18.700000
1.540000
1.510000
1.580000
1.570000
1.570000
1.590000
1.530000
1.800000
1.670000
1.380000
1.500000
