1.970000
4.960000
43.740000
140.510000
1.760000
1.760000
8.570000
27.750000
1.600000
21.050000
1.500000
1.690000
1.870000
1.510000
1.830000
1.600000
1.680000
7.960000
1.730000
1.550000
1.690000
1.490000
6.390000
13.120000
1.550000
1.600000
36.140000
1.350000
1.420000
1.600000
1.640000
1.490000
1.570000
1.830000
4.260000
1.930000
2.620000
1.390000
1.330000
1.360000
40.660000
1.640000
1.390000
1.580000
1.410000
43.760000
2.190000
1.630000
1.790000
1.410000
1.680000
1.930000
1.530000
45.180000
1.870000
2.130000
5.240000
1.490000
1.490000
1.500000
2.310000
1.440000
1.420000
3.040000
1.580000
1.570000
1.480000
1.730000
1.580000
2.150000
1.550000
1.610000
1.480000
1.380000
1.630000
1.510000
18.920000
1.470000
1.550000
1.480000
1.520000
1.590000
1.440000
37.240000
1.490000
21.660000
2.420000
1.480000
1.870000
1.890000
1.700000
4.690000
1.550000
1.500000
1.510000
1.410000
1.330000
1.450000
1.770000
1.870000
1.620000
1.850000
1.870000
40.930000
1.460000
1.540000
1.670000
2.010000
1.580000
1.960000
1.580000
1.620000
1.660000
1.930000
1.370000
1.540000
1.540000
1.560000
1.980000
1.570000
48.230000
2.820000
1.530000
2.460000
1.300000
1.550000
1.520000
5.140000
1.380000
1.400000
32.940000
21.400000
1.680000
1.590000
1.670000
1.550000
2.100000
33.320000
1.620000
1.490000
1.510000
1.570000
54.910000
1.470000
1.520000
1.600000
1.550000
1.360000
1.560000
34.940000
1.870000
1.920000
1.330000
1.460000
1.590000
1.500000
1.460000
13.960000
26.330000
1.600000
9.500000
22.140000
1.590000
1.740000
1.540000
1.610000
1.600000
40.820000
1.520000
2.240000
1.920000
21.470000
1.720000
5.100000
1.880000
1.670000
2.100000
1.490000
1.680000
1.530000
18.300000
1.350000
1.590000
1.570000
1.470000
1.500000
1.730000
1.610000
1.970000
1.510000
8.240000
2.040000
1.500000
1.510000
1.360000
1.670000
1.540000
10.530000
1.660000
1.590000
1.540000
1.710000
1.580000
1.570000
1.520000
39.790000
1.600000
1.630000
1.560000
1.550000
1.590000
2.230000
1.620000
1.420000
2.400000
1.960000
1.490000
29.810000
1.820000
1.490000
1.390000
1.740000
1.700000
1.780000
1.590000
1.530000
2.290000
1.980000
1.530000
1.580000
1.540000
21.190000
1.540000
1.490000
1.500000
1.240000
1.650000
1.470000
1.680000
1.640000
1.290000
1.500000
1.540000
1.590000
1.520000
45.430000
2.100000
1.560000
1.590000
1.370000
1.530000
28.830000
1.380000
1.540000
9.760000
42.370000
51.310000
1.770000
1.560000
1.680000
2.650000
3.640000
19.030000
35.160000
2.040000
2.860000
1.770000
1.540000
3.560000
2.600000
1.490000
1.540000
1.500000
1.560000
1.590000
1.860000
1.600000
1.510000
2.130000
1.580000
1.550000
1.510000
1.670000
40.390000
1.630000
1.560000
1.520000
1.550000
1.550000
1.550000
1.500000
1.640000
1.740000
1.520000
1.560000
1.580000
18.700000
1.470000
1.580000
1.580000
1.510000
1.480000
1.560000
1.530000
1.490000
1.520000
