1.800000
1.400000
1.390000
79.640000
46.630000
13.810000
49.090000
16.080000
1.810000
78.540000
45.570000
12.800000
1.830000
1.820000
1.840000
1.880000
1.960000
1.910000
37.790000
4.410000
2.200000
1.600000
1.710000
1.430000
90.880000
57.920000
25.020000
1.360000
1.200000
1.210000
1.490000
1.340000
1.490000
1.480000
1.370000
1.370000
33.920000
1.420000
1.770000
82.540000
49.510000
17.230000
110.400000
77.460000
44.880000
99.680000
66.630000
33.560000
94.200000
61.250000
28.550000
20.830000
1.550000
1.770000
1.650000
2.340000
1.760000
83.260000
50.180000
17.810000
80.560000
47.580000
14.970000
51.810000
18.850000
1.510000
1.520000
1.530000
1.560000
1.900000
1.710000
1.480000
1.640000
1.560000
1.500000
1.470000
1.470000
1.450000
44.270000
11.020000
1.570000
40.740000
7.480000
1.570000
1.590000
1.590000
1.510000
1.620000
1.570000
1.530000
1.700000
1.570000
1.560000
14.910000
1.490000
1.510000
87.450000
54.430000
21.820000
57.860000
24.940000
1.620000
78.840000
45.870000
13.180000
1.540000
1.640000
1.660000
75.380000
42.380000
9.650000
106.550000
73.580000
40.950000
1.550000
1.480000
1.430000
1.590000
1.490000
1.540000
1.500000
1.430000
1.670000
63.530000
30.520000
1.310000
64.270000
31.270000
1.350000
1.620000
2.610000
1.550000
41.110000
8.110000
1.850000
59.260000
26.370000
1.490000
1.650000
1.550000
1.480000
69.640000
36.620000
3.970000
91.590000
58.660000
25.950000
18.550000
1.680000
1.450000
6.100000
1.450000
1.550000
129.600000
96.660000
64.170000
79.390000
46.380000
14.040000
1.540000
1.510000
1.480000
53.580000
20.560000
1.580000
58.340000
25.370000
1.650000
97.430000
64.440000
31.720000
1.620000
1.470000
1.380000
99.820000
66.810000
34.140000
92.820000
59.940000
27.310000
1.580000
1.500000
1.440000
1.610000
1.490000
1.560000
39.070000
6.030000
1.630000
75.040000
42.090000
9.610000
111.940000
78.820000
46.270000
36.620000
3.620000
1.630000
1.580000
2.400000
1.990000
1.580000
1.620000
1.510000
1.550000
1.550000
1.500000
1.530000
1.600000
1.670000
40.020000
6.950000
1.560000
71.030000
38.060000
5.570000
87.990000
55.000000
22.340000
1.550000
1.570000
1.400000
58.860000
25.830000
1.500000
50.280000
17.280000
1.690000
1.660000
1.380000
1.520000
17.430000
1.590000
1.590000
47.310000
14.370000
1.530000
1.690000
1.580000
1.650000
52.440000
19.450000
1.710000
110.220000
77.230000
44.540000
86.310000
53.350000
20.570000
78.310000
45.330000
12.490000
1.440000
1.380000
1.390000
1.420000
1.360000
1.430000
75.540000
42.540000
9.800000
93.480000
60.550000
27.860000
106.700000
73.830000
41.260000
1.850000
1.550000
1.500000
15.140000
1.560000
1.620000
1.590000
1.510000
1.420000
33.550000
1.290000
1.560000
1.570000
1.740000
1.690000
1.510000
1.520000
43.260000
10.370000
1.920000
1.540000
1.530000
1.510000
27.990000
1.320000
1.580000
1.450000
1.300000
1.330000
1.430000
1.690000
1.310000
1.430000
1.300000
1.470000
1.470000
1.430000
1.960000
1.930000
1.520000
1.480000
1.490000
1.410000
1.430000
63.390000
31.350000
2.280000
1.360000
1.560000
1.580000
79.950000
46.920000
14.290000
1.580000
2.140000
2.060000
71.910000
38.980000
6.250000
64.860000
31.630000
1.370000
1.590000
1.510000
1.520000
37.260000
5.010000
1.540000
1.630000
1.580000
1.570000
52.530000
19.530000
1.550000
1.490000
1.520000
1.540000
36.790000
3.800000
1.360000
1.330000
1.880000
1.390000
57.180000
24.130000
9.540000
4.290000
1.560000
3.610000
2.000000
1.600000
46.890000
13.930000
1.770000
1.580000
1.960000
19.420000
5.280000
15.930000
12.860000
8.950000
4.440000
6.990000
36.590000
8.020000
13.430000
20.410000
1.490000
1.540000
109.510000
76.440000
43.690000
85.770000
52.610000
20.280000
68.700000
35.710000
3.000000
109.490000
76.550000
43.830000
1.580000
2.300000
1.530000
31.730000
1.370000
1.550000
92.940000
59.940000
27.510000
1.460000
1.410000
1.370000
1.320000
1.560000
1.340000
1.390000
1.360000
1.550000
1.430000
1.340000
1.520000
65.400000
32.350000
1.340000
102.850000
69.820000
37.440000
55.500000
22.500000
1.490000
2.200000
1.510000
1.490000
60.310000
24.700000
1.600000
114.600000
81.610000
49.160000
111.330000
78.320000
45.700000
44.970000
11.930000
1.650000
36.980000
3.850000
1.890000
13.720000
1.640000
1.540000
1.640000
1.680000
1.560000
1.720000
1.570000
1.540000
14.500000
1.500000
1.540000
1.490000
1.570000
1.450000
91.690000
58.680000
25.950000
19.390000
1.500000
1.630000
1.520000
1.640000
1.600000
82.600000
49.430000
16.920000
84.520000
51.540000
18.910000
35.950000
3.010000
1.530000
43.410000
10.440000
1.630000
54.150000
21.180000
1.540000
68.100000
35.120000
2.660000
1.580000
1.580000
1.860000
1.490000
1.770000
1.580000
1.600000
1.520000
1.760000
1.620000
1.580000
1.660000
1.650000
1.640000
1.780000
58.460000
25.490000
1.610000
89.270000
56.330000
23.720000
48.860000
16.000000
1.890000
49.500000
16.310000
1.790000
69.640000
36.690000
4.190000
1.580000
1.520000
1.510000
63.420000
30.240000
1.520000
1.610000
1.800000
1.670000
1.720000
1.530000
1.870000
48.200000
15.340000
1.690000
58.770000
25.990000
1.660000
1.580000
1.760000
1.510000
1.720000
1.410000
1.490000
1.660000
1.480000
1.390000
52.750000
19.830000
1.610000
1.640000
1.520000
1.680000
1.650000
1.500000
1.920000
83.460000
50.470000
17.880000
100.460000
67.520000
34.840000
2.070000
1.350000
1.250000
9.850000
1.460000
1.440000
1.380000
1.310000
1.410000
68.570000
35.590000
3.040000
77.870000
44.980000
12.470000
1.560000
1.640000
1.600000
111.370000
78.360000
45.870000
96.250000
63.250000
30.540000
1.520000
1.790000
1.510000
1.560000
1.520000
1.630000
60.380000
27.380000
1.520000
1.560000
1.750000
1.560000
90.200000
57.240000
24.490000
44.770000
11.630000
1.530000
26.110000
1.480000
1.940000
1.590000
1.360000
1.800000
1.650000
1.520000
1.620000
60.300000
27.340000
1.530000
1.610000
1.520000
1.530000
19.500000
1.500000
1.580000
1.610000
1.520000
1.560000
100.990000
67.990000
35.330000
4.250000
2.060000
1.850000
105.710000
72.380000
40.010000
89.820000
56.810000
24.410000
26.740000
1.540000
1.460000
1.510000
1.500000
1.480000
1.460000
1.560000
1.460000
1.860000
1.560000
2.250000
1.430000
1.600000
1.500000
1.700000
1.530000
1.970000
58.280000
25.330000
1.550000
1.590000
1.550000
1.430000
81.710000
48.710000
16.000000
41.380000
8.400000
1.540000
1.460000
1.520000
1.720000
86.110000
53.050000
20.220000
33.860000
1.370000
1.410000
42.610000
9.610000
1.350000
70.350000
37.410000
4.520000
54.120000
21.130000
1.590000
88.810000
55.540000
23.020000
57.420000
24.440000
1.540000
43.890000
10.860000
1.600000
82.600000
49.640000
17.100000
1.620000
1.590000
1.490000
1.560000
1.740000
1.530000
61.470000
28.460000
1.510000
69.580000
36.600000
3.830000
1.550000
1.590000
1.500000
1.770000
1.550000
1.480000
1.690000
2.300000
1.690000
30.420000
1.330000
1.500000
1.530000
1.350000
1.490000
99.060000
66.030000
33.380000
1.540000
1.670000
1.510000
23.060000
1.520000
1.550000
1.630000
1.590000
1.550000
1.640000
1.560000
1.550000
1.550000
1.490000
1.490000
102.290000
69.320000
36.900000
63.070000
30.040000
1.690000
1.700000
1.520000
1.510000
1.560000
1.500000
1.520000
85.630000
52.650000
20.130000
66.150000
32.930000
1.390000
24.620000
1.470000
1.520000
50.680000
17.640000
1.520000
1.880000
1.510000
1.570000
2.080000
1.500000
1.850000
78.190000
45.140000
12.380000
1.420000
1.340000
1.480000
19.410000
1.510000
1.510000
78.420000
45.410000
12.920000
101.180000
68.410000
35.600000
92.910000
59.940000
27.580000
1.590000
1.520000
2.770000
1.530000
1.500000
1.560000
24.380000
1.700000
1.500000
48.960000
16.070000
1.500000
53.360000
20.410000
1.630000
20.250000
1.500000
1.520000
1.540000
1.520000
1.640000
26.120000
1.490000
1.680000
23.690000
1.510000
1.510000
22.930000
1.960000
1.490000
1.440000
1.670000
1.450000
25.570000
1.690000
1.480000
2.320000
1.610000
1.510000
238.570000
205.400000
173.000000
16.370000
1.530000
1.610000
72.190000
39.190000
6.880000
400.810000
367.810000
335.060000
55.120000
22.140000
1.520000
135.480000
102.710000
69.910000
99.810000
66.330000
33.980000
179.140000
146.270000
113.520000
64.720000
31.770000
1.310000
1.740000
1.500000
1.560000
1.730000
1.510000
1.580000
19.750000
1.510000
1.540000
1.560000
1.470000
1.550000
1.670000
1.530000
1.610000
55.640000
22.730000
1.580000
44.650000
11.670000
1.550000
1.620000
1.530000
1.730000
76.370000
43.360000
10.620000
194.940000
161.960000
129.490000
1.600000
1.560000
1.490000
45.160000
12.080000
1.850000
75.370000
42.560000
10.580000
76.250000
43.300000
10.650000
94.210000
61.240000
28.520000
1.620000
1.550000
1.430000
1.630000
1.580000
1.590000
78.020000
44.950000
12.340000
80.600000
47.660000
15.140000
81.780000
48.910000
16.180000
1.740000
1.750000
1.810000
1.600000
1.500000
1.570000
72.130000
39.130000
6.460000
1.840000
1.550000
1.670000
90.010000
56.940000
24.360000
2.280000
1.630000
1.790000
73.380000
40.460000
7.730000
1.550000
1.720000
1.530000
1.600000
1.550000
1.500000
1.240000
1.650000
1.520000
1.480000
1.530000
1.540000
37.760000
4.430000
2.150000
27.380000
1.390000
1.400000
1.400000
1.460000
1.410000
105.010000
72.020000
39.280000
86.570000
53.610000
20.890000
1.650000
1.550000
1.440000
27.710000
1.550000
1.660000
95.460000
62.450000
34.480000
72.200000
39.210000
6.460000
79.150000
46.060000
13.450000
46.650000
13.640000
1.520000
79.420000
46.430000
13.730000
1.540000
1.790000
1.500000
35.270000
1.780000
2.080000
1.820000
1.740000
1.590000
1.570000
1.950000
1.960000
70.290000
37.100000
4.350000
1.660000
1.520000
1.560000
81.950000
48.970000
16.230000
64.040000
31.010000
1.420000
1.450000
1.540000
1.580000
102.430000
69.470000
37.030000
1.740000
1.510000
1.530000
1.570000
2.310000
1.560000
1.570000
1.500000
1.390000
1.530000
1.760000
1.670000
100.090000
67.070000
34.470000
52.750000
19.780000
1.750000
25.460000
1.500000
1.520000
43.820000
10.850000
1.650000
1.490000
1.620000
1.560000
36.120000
3.120000
1.520000
86.370000
53.330000
20.660000
110.790000
77.900000
45.420000
1.680000
1.780000
1.560000
71.960000
39.010000
6.230000
71.730000
38.760000
6.110000
87.830000
54.850000
22.190000
63.880000
30.890000
1.290000
1.460000
1.530000
1.360000
1.460000
1.300000
1.330000
100.310000
67.320000
34.630000
1.630000
1.620000
1.520000
60.810000
27.830000
1.510000
77.930000
45.030000
12.180000
1.320000
1.330000
1.520000
1.320000
1.300000
1.380000
24.950000
1.410000
1.550000
61.770000
28.780000
1.730000
82.840000
49.880000
17.180000
60.110000
27.060000
1.520000
108.160000
75.160000
42.430000
1.620000
1.590000
1.370000
62.230000
29.280000
1.400000
102.420000
69.450000
36.830000
96.860000
63.880000
31.240000
96.290000
63.320000
30.620000
7.180000
1.580000
1.580000
30.040000
1.390000
1.490000
1.540000
1.480000
1.530000
81.390000
48.460000
15.900000
73.020000
40.060000
7.390000
33.270000
1.450000
1.540000
70.050000
37.090000
4.470000
33.460000
1.410000
1.710000
18.820000
1.510000
1.630000
93.570000
60.590000
27.970000
1.720000
1.480000
1.540000
25.510000
1.610000
1.510000
69.560000
36.560000
3.850000
1.600000
1.530000
1.530000
95.140000
62.130000
29.560000
73.810000
40.870000
7.940000
1.560000
1.590000
1.560000
1.690000
1.510000
1.500000
36.110000
3.130000
1.520000
60.350000
27.390000
1.530000
1.570000
1.560000
1.560000
106.060000
72.970000
40.330000
1.600000
1.510000
1.590000
92.930000
59.940000
27.250000
64.540000
31.490000
1.600000
40.690000
7.700000
1.570000
1.350000
1.350000
1.380000
1.570000
1.400000
1.410000
87.290000
54.290000
21.540000
42.640000
9.640000
1.400000
21.250000
2.210000
1.800000
66.830000
33.830000
1.780000
54.160000
21.150000
1.660000
29.030000
1.380000
1.500000
1.500000
1.400000
1.500000
1.670000
1.580000
1.590000
1.930000
1.390000
1.570000
1.620000
1.530000
1.530000
1.620000
1.500000
1.560000
82.230000
49.170000
16.600000
43.470000
10.490000
1.850000
2.110000
1.530000
1.620000
98.750000
65.760000
33.080000
40.160000
7.020000
1.580000
90.720000
57.810000
25.090000
1.660000
1.770000
1.470000
1.690000
1.550000
1.500000
1.790000
1.580000
1.550000
1.580000
1.460000
1.610000
74.850000
41.790000
9.210000
1.500000
1.530000
1.530000
1.540000
1.520000
1.580000
92.970000
59.990000
27.330000
41.660000
8.650000
1.540000
82.370000
49.390000
16.760000
1.510000
1.440000
5.290000
35.500000
2.500000
1.620000
66.430000
33.450000
1.800000
1.580000
1.950000
1.520000
64.650000
31.670000
1.680000
1.530000
1.550000
1.440000
68.820000
35.820000
3.210000
34.790000
1.830000
1.520000
60.570000
27.600000
1.530000
1.930000
1.570000
1.660000
1.290000
1.500000
1.400000
69.840000
36.850000
4.280000
105.810000
72.730000
40.230000
54.350000
21.670000
1.530000
86.030000
53.030000
20.410000
37.320000
4.320000
1.580000
36.370000
3.410000
1.610000
60.500000
27.600000
1.520000
79.870000
46.890000
14.260000
37.900000
4.890000
2.210000
52.970000
19.990000
1.520000
56.320000
23.340000
1.600000
1.730000
2.340000
81.520000
48.530000
15.880000
10.000000
1.550000
1.510000
23.420000
1.790000
1.530000
1.550000
1.590000
1.440000
51.740000
18.770000
1.570000
1.600000
1.610000
1.470000
113.910000
80.950000
48.270000
1.490000
1.520000
1.490000
1.600000
1.710000
1.550000
75.230000
42.630000
9.760000
1.600000
1.580000
1.510000
13.380000
1.790000
1.500000
1.500000
1.500000
1.500000
1.640000
1.560000
1.540000
98.130000
65.160000
32.460000
97.540000
64.550000
31.880000
1.530000
1.510000
1.510000
72.130000
39.090000
6.540000
68.420000
35.430000
2.790000
1.970000
1.630000
1.490000
83.250000
50.310000
17.620000
74.070000
40.890000
8.420000
27.310000
1.560000
1.520000
16.430000
1.500000
1.440000
1.580000
1.630000
1.530000
82.830000
49.970000
17.100000
51.210000
18.170000
1.430000
26.080000
1.500000
1.520000
1.990000
1.520000
1.620000
1.580000
1.660000
1.440000
1.580000
1.510000
1.560000
37.870000
4.860000
1.370000
95.160000
62.210000
29.590000
26.580000
1.530000
1.610000
38.780000
5.810000
1.530000
1.550000
1.560000
1.450000
30.880000
1.570000
1.590000
1.630000
1.510000
1.500000
1.640000
1.540000
1.580000
26.310000
1.770000
1.540000
37.240000
4.250000
1.510000
83.220000
50.250000
17.520000
17.750000
1.520000
1.520000
97.540000
64.550000
31.940000
44.760000
11.560000
1.530000
27.490000
1.410000
1.390000
1.620000
1.440000
1.550000
1.610000
1.510000
1.540000
106.120000
73.160000
40.500000
74.040000
41.010000
8.420000
1.410000
1.410000
1.390000
103.110000
70.150000
37.620000
33.290000
1.540000
1.600000
1.690000
1.530000
1.510000
50.810000
17.850000
1.580000
1.590000
1.510000
1.510000
8.310000
1.930000
1.500000
1.560000
1.600000
1.570000
1.660000
1.490000
1.580000
78.480000
45.490000
12.830000
42.400000
9.410000
1.760000
1.670000
1.490000
1.620000
16.980000
1.750000
1.440000
57.590000
24.620000
1.670000
95.760000
62.790000
30.290000
89.750000
56.750000
24.010000
44.590000
11.600000
1.570000
15.610000
1.580000
1.510000
1.620000
1.530000
1.450000
19.050000
1.530000
1.610000
76.770000
43.740000
11.060000
1.570000
1.560000
1.510000
38.660000
5.670000
1.640000
41.730000
8.790000
1.590000
23.670000
1.530000
1.830000
81.770000
48.690000
16.070000
85.010000
51.710000
19.200000
1.820000
1.610000
1.530000
76.960000
43.970000
11.240000
77.230000
44.320000
11.630000
47.170000
14.200000
1.740000
1.480000
1.620000
1.590000
87.650000
54.740000
21.950000
86.730000
53.780000
21.060000
65.860000
32.850000
1.370000
1.900000
1.610000
1.570000
92.510000
59.460000
26.770000
46.880000
13.860000
1.590000
1.550000
1.600000
1.500000
50.070000
17.080000
1.610000
1.670000
1.530000
1.550000
1.720000
1.560000
1.530000
1.620000
1.380000
1.630000
94.890000
61.900000
29.480000
15.900000
1.640000
1.560000
1.620000
1.520000
1.550000
24.300000
1.490000
1.530000
83.260000
50.270000
17.850000
1.860000
1.590000
1.570000
97.290000
64.280000
31.800000
1.590000
1.540000
1.540000
48.830000
15.890000
1.590000
1.560000
1.530000
1.550000
1.750000
1.540000
1.720000
110.760000
77.830000
45.140000
1.660000
1.550000
1.520000
60.900000
27.870000
1.530000
37.170000
4.190000
1.520000
69.810000
36.850000
4.110000
1.580000
1.670000
1.980000
30.230000
1.400000
1.480000
1.560000
1.580000
1.570000
1.590000
1.510000
1.500000
1.420000
1.680000
1.670000
67.230000
34.250000
1.560000
1.530000
1.450000
1.560000
26.310000
1.550000
1.530000
78.010000
45.070000
12.970000
97.660000
64.750000
32.070000
138.810000
105.750000
73.120000
33.140000
1.370000
1.570000
75.710000
42.760000
10.260000
17.380000
1.780000
1.510000
85.300000
52.380000
19.640000
1.490000
1.550000
1.470000
59.170000
26.180000
1.610000
49.010000
15.980000
1.480000
1.640000
1.540000
1.620000
1.560000
1.420000
1.490000
73.070000
40.170000
7.470000
1.630000
1.590000
1.320000
110.370000
77.370000
44.740000
32.270000
1.390000
1.580000
1.540000
1.500000
1.510000
1.570000
1.500000
1.650000
1.520000
1.570000
1.740000
1.680000
3.430000
71.560000
38.660000
5.940000
101.070000
68.080000
35.470000
39.440000
6.450000
1.530000
52.380000
19.410000
1.510000
1.590000
1.570000
1.400000
31.070000
1.230000
1.390000
1.760000
1.400000
1.350000
22.410000
1.510000
1.590000
79.930000
46.870000
14.230000
1.560000
1.630000
1.510000
77.420000
44.470000
11.980000
36.850000
3.870000
1.590000
1.660000
1.450000
2.000000
98.290000
65.260000
32.610000
1.620000
1.880000
1.600000
31.670000
1.510000
1.810000
2.260000
1.560000
1.570000
1.650000
1.720000
1.970000
52.520000
19.560000
1.660000
1.590000
1.450000
1.560000
71.390000
38.370000
5.630000
1.530000
1.520000
1.580000
24.740000
1.560000
1.570000
1.720000
1.550000
1.360000
80.400000
47.420000
14.730000
87.060000
54.090000
21.320000
107.750000
74.820000
42.110000
42.770000
9.760000
1.530000
44.520000
11.540000
1.540000
1.660000
1.570000
2.020000
12.510000
1.600000
1.560000
1.680000
1.550000
1.480000
48.060000
15.070000
1.570000
1.850000
1.500000
1.500000
22.230000
1.510000
1.740000
101.830000
68.850000
36.490000
56.560000
23.300000
1.520000
1.840000
1.580000
1.540000
1.580000
2.220000
1.550000
1.560000
1.550000
1.600000
1.580000
1.570000
1.600000
1.610000
1.700000
1.630000
74.970000
42.030000
9.250000
83.820000
50.830000
18.220000
80.570000
47.540000
14.970000
94.830000
61.860000
29.270000
35.860000
2.880000
1.550000
73.240000
40.260000
7.610000
1.610000
1.700000
1.650000
39.740000
6.480000
1.550000
29.180000
1.410000
1.540000
44.370000
11.320000
2.190000
111.320000
78.280000
45.610000
38.630000
5.620000
3.160000
220.860000
187.950000
155.250000
20.510000
1.500000
1.530000
2.390000
1.520000
1.490000
189.120000
156.080000
123.420000
59.190000
26.200000
1.610000
38.370000
5.180000
114.780000
138.210000
105.240000
72.820000
146.180000
113.110000
80.580000
40.780000
7.780000
1.560000
68.770000
35.420000
2.880000
49.490000
16.270000
1.560000
43.380000
10.400000
1.570000
1.680000
2.350000
2.090000
50.680000
17.720000
1.560000
19.980000
1.520000
1.550000
99.390000
66.410000
33.920000
80.900000
48.350000
15.410000
53.310000
20.290000
2.510000
66.380000
33.430000
1.470000
2.480000
1.590000
1.560000
1.600000
1.950000
1.580000
72.860000
39.930000
11.900000
67.050000
34.040000
1.560000
103.770000
70.800000
38.190000
38.970000
5.850000
1.540000
100.730000
67.600000
34.760000
2.070000
1.520000
1.520000
27.060000
1.490000
1.510000
1.570000
1.790000
1.500000
1.750000
1.530000
1.570000
17.460000
1.630000
1.510000
38.260000
5.270000
1.480000
1.580000
2.100000
1.630000
38.570000
5.630000
1.550000
1.640000
1.730000
1.620000
1.940000
1.590000
2.220000
1.550000
1.540000
1.560000
77.790000
44.590000
12.210000
24.790000
1.510000
1.540000
1.650000
1.540000
1.520000
91.180000
58.230000
25.590000
2.200000
1.560000
1.500000
1.690000
1.620000
1.540000
1.760000
1.600000
2.000000
16.440000
1.570000
1.650000
64.890000
31.810000
1.390000
1.660000
1.550000
1.680000
27.420000
1.610000
1.820000
84.830000
51.890000
19.430000
1.920000
1.430000
1.630000
32.930000
1.480000
1.510000
1.780000
1.940000
1.770000
1.920000
1.570000
1.590000
2.510000
1.550000
1.700000
98.130000
65.130000
32.750000
29.120000
1.560000
1.750000
80.310000
47.300000
15.400000
14.930000
1.670000
1.590000
73.510000
40.510000
7.790000
2.060000
1.770000
1.720000
1.590000
1.570000
1.790000
77.180000
44.210000
11.690000
1.710000
1.940000
1.490000
73.370000
40.370000
7.730000
1.580000
1.630000
1.450000
19.090000
1.560000
1.610000
56.730000
23.730000
1.560000
26.810000
1.680000
2.040000
23.900000
1.550000
1.570000
1.360000
1.580000
1.670000
47.660000
14.670000
1.640000
1.570000
1.550000
1.860000
64.010000
31.010000
1.210000
1.650000
1.340000
1.630000
1.420000
1.570000
1.480000
46.010000
12.790000
1.800000
83.290000
50.230000
17.630000
1.580000
1.620000
1.560000
76.690000
43.680000
11.090000
1.610000
1.600000
1.530000
1.550000
1.530000
1.530000
74.760000
41.780000
9.100000
56.420000
23.590000
1.610000
19.860000
1.570000
1.520000
1.450000
1.590000
1.600000
60.790000
27.650000
1.590000
92.550000
59.390000
27.060000
85.470000
52.530000
19.830000
1.810000
1.570000
1.900000
35.200000
2.170000
1.590000
40.800000
7.800000
1.370000
1.330000
1.380000
1.490000
26.740000
1.600000
1.670000
1.970000
1.550000
1.560000
91.290000
58.360000
25.570000
29.550000
1.440000
1.500000
36.330000
3.430000
1.620000
1.580000
1.520000
1.750000
57.000000
23.990000
1.540000
1.650000
1.680000
1.770000
1.550000
1.530000
1.440000
1.880000
1.850000
1.490000
18.800000
1.890000
5.620000
40.020000
7.050000
1.540000
22.230000
1.520000
1.550000
1.570000
1.550000
1.590000
1.580000
1.570000
1.500000
1.580000
1.690000
1.560000
19.150000
1.530000
1.640000
28.540000
1.530000
1.590000
1.640000
1.530000
1.490000
54.170000
21.160000
1.530000
58.550000
25.570000
4.870000
59.360000
26.350000
1.930000
92.730000
59.780000
27.310000
1.640000
1.540000
1.550000
1.660000
1.410000
1.760000
1.550000
1.520000
1.560000
1.850000
1.710000
1.530000
1.550000
1.570000
1.550000
1.550000
1.400000
1.520000
44.100000
11.170000
1.450000
77.380000
44.180000
11.520000
92.010000
59.130000
26.430000
86.520000
53.570000
20.830000
80.660000
47.740000
1.720000
1.390000
1.660000
59.850000
26.950000
1.500000
1.620000
1.500000
1.550000
1.540000
1.450000
1.610000
1.590000
1.600000
1.590000
1.890000
1.610000
1.580000
1.620000
1.510000
1.740000
84.270000
51.360000
18.560000
40.980000
7.970000
1.560000
38.280000
5.270000
2.330000
22.670000
1.540000
1.560000
14.970000
1.620000
1.520000
1.650000
1.890000
1.530000
1.580000
1.520000
1.490000
38.220000
5.210000
1.950000
109.100000
76.090000
43.490000
103.910000
70.940000
38.070000
52.860000
19.820000
1.610000
1.640000
1.560000
1.530000
1.680000
1.760000
1.430000
23.580000
1.590000
1.490000
57.200000
24.230000
1.580000
1.630000
1.590000
1.490000
108.770000
75.850000
43.250000
1.540000
1.590000
1.820000
78.770000
45.770000
13.330000
1.590000
1.930000
1.550000
1.460000
1.560000
1.540000
67.540000
34.520000
1.830000
35.080000
2.150000
1.590000
55.610000
22.640000
1.560000
84.030000
50.940000
18.270000
87.360000
54.360000
21.740000
70.580000
37.230000
4.840000
76.490000
43.500000
10.700000
81.760000
48.670000
16.000000
62.340000
29.380000
1.380000
2.460000
1.570000
1.610000
63.130000
30.150000
1.390000
93.870000
61.080000
28.370000
60.350000
27.380000
3.750000
1.600000
3.550000
1.590000
15.770000
1.420000
1.570000
66.770000
33.770000
1.260000
1.570000
1.560000
1.400000
67.910000
34.910000
2.210000
100.000000
67.040000
34.350000
1.560000
1.600000
1.380000
1.930000
1.640000
1.960000
110.520000
77.540000
44.850000
1.560000
1.320000
1.520000
29.110000
1.420000
1.680000
55.060000
22.050000
1.550000
55.210000
22.170000
1.520000
77.630000
44.630000
12.080000
76.260000
42.970000
10.420000
45.650000
12.640000
1.510000
102.320000
69.380000
36.610000
1.620000
1.610000
1.500000
77.060000
44.090000
11.540000
38.410000
5.380000
2.610000
1.560000
1.530000
1.570000
43.590000
10.770000
1.550000
1.570000
1.520000
1.520000
1.650000
1.690000
1.740000
59.930000
26.930000
1.350000
58.870000
25.780000
1.310000
1.560000
1.630000
1.510000
32.780000
1.340000
1.570000
50.330000
17.400000
1.580000
100.880000
67.900000
35.390000
1.640000
1.540000
1.510000
25.400000
1.550000
1.620000
72.910000
39.880000
7.160000
1.710000
1.530000
1.840000
62.020000
29.030000
1.540000
1.590000
1.520000
1.750000
35.750000
2.770000
1.550000
69.220000
36.550000
3.510000
32.390000
1.410000
1.530000
1.550000
1.550000
1.670000
25.120000
1.420000
1.420000
60.030000
27.010000
1.550000
1.390000
1.590000
1.530000
1.520000
1.790000
1.610000
21.720000
1.420000
1.590000
50.880000
17.890000
1.520000
60.640000
27.420000
1.630000
72.460000
39.490000
6.700000
1.650000
1.540000
1.590000
76.260000
43.290000
10.620000
1.540000
1.500000
1.370000
1.630000
1.590000
1.540000
74.350000
41.370000
8.750000
76.600000
43.540000
10.960000
78.880000
45.910000
13.170000
104.780000
71.790000
39.180000
36.510000
3.490000
1.610000
44.860000
11.890000
1.610000
44.470000
11.390000
1.520000
1.490000
1.540000
1.830000
28.340000
1.350000
1.410000
32.420000
1.380000
1.500000
1.590000
1.580000
1.740000
85.610000
52.370000
24.450000
33.130000
1.400000
1.570000
43.580000
10.620000
1.550000
86.570000
53.630000
20.880000
95.040000
62.040000
29.370000
66.330000
33.280000
1.600000
1.580000
1.560000
2.210000
38.180000
5.150000
2.770000
1.450000
1.510000
1.490000
2.020000
1.670000
1.680000
69.330000
36.370000
3.910000
1.420000
1.370000
1.270000
1.510000
1.320000
2.040000
51.160000
18.220000
4.880000
41.180000
8.190000
1.470000
1.650000
1.530000
1.550000
80.340000
47.170000
14.720000
23.510000
1.780000
1.410000
1.680000
1.680000
1.520000
17.850000
1.560000
1.500000
1.630000
1.580000
1.500000
45.120000
12.120000
1.950000
1.700000
1.540000
1.560000
39.140000
6.160000
1.520000
1.550000
1.770000
1.580000
73.900000
40.800000
8.010000
37.430000
4.420000
1.410000
1.560000
1.360000
1.350000
29.900000
1.900000
1.840000
104.780000
71.780000
39.140000
41.060000
8.070000
1.680000
80.730000
47.770000
15.170000
29.880000
1.360000
1.550000
1.620000
1.550000
1.550000
1.650000
1.510000
1.610000
31.660000
1.460000
1.510000
46.920000
13.930000
1.510000
46.630000
13.620000
1.570000
53.890000
20.870000
1.580000
13.570000
1.560000
2.070000
85.000000
51.990000
19.270000
93.510000
60.520000
27.720000
34.910000
1.910000
1.550000
1.610000
1.490000
1.510000
106.360000
73.370000
40.830000
57.580000
24.620000
1.560000
1.540000
1.800000
1.530000
21.740000
1.860000
1.530000
1.810000
1.720000
61.260000
28.290000
1.820000
43.450000
10.400000
1.540000
31.610000
1.390000
1.520000
79.410000
46.430000
13.740000
45.270000
12.270000
1.510000
23.580000
1.560000
1.630000
112.400000
79.380000
46.690000
1.560000
1.570000
1.500000
1.540000
1.370000
1.620000
1.610000
1.580000
1.530000
69.280000
36.290000
3.580000
60.330000
27.160000
1.500000
49.880000
16.860000
1.630000
49.380000
16.360000
1.570000
1.370000
1.450000
2.610000
44.250000
11.370000
1.740000
25.810000
1.540000
1.520000
93.830000
60.850000
28.120000
100.990000
68.020000
35.220000
1.690000
1.800000
2.200000
1.490000
1.600000
1.590000
1.500000
1.680000
61.900000
28.910000
1.690000
1.540000
1.460000
1.650000
1.380000
2.080000
52.030000
18.950000
1.560000
27.960000
1.540000
1.550000
110.880000
77.630000
45.130000
99.030000
66.060000
33.340000
10.040000
1.620000
1.520000
63.070000
30.070000
1.350000
1.560000
1.560000
1.790000
1.640000
1.560000
1.540000
52.310000
19.350000
1.560000
1.600000
1.560000
1.510000
93.780000
60.640000
28.040000
1.540000
1.480000
1.420000
1.720000
1.620000
1.520000
13.340000
1.550000
1.610000
48.370000
15.460000
1.550000
1.700000
1.600000
1.540000
42.330000
9.370000
1.530000
1.660000
1.490000
1.530000
91.270000
58.280000
25.590000
1.560000
1.580000
1.600000
19.720000
1.600000
1.870000
22.240000
1.580000
1.690000
71.860000
38.900000
6.430000
152.710000
119.710000
87.260000
113.590000
80.640000
48.050000
1.490000
1.560000
2.430000
37.810000
4.810000
2.290000
1.670000
1.530000
1.630000
69.760000
36.750000
4.050000
61.700000
28.710000
1.610000
90.140000
57.160000
24.500000
1.590000
1.530000
1.450000
108.880000
75.890000
43.190000
48.220000
15.220000
1.550000
65.750000
32.840000
1.410000
85.930000
53.070000
20.370000
23.300000
1.500000
1.510000
37.930000
4.940000
2.400000
100.230000
67.230000
34.550000
3.620000
1.630000
1.680000
1.570000
1.500000
1.380000
66.990000
34.020000
1.330000
22.670000
1.520000
1.950000
1.590000
1.500000
1.570000
71.600000
38.580000
5.870000
57.140000
23.970000
1.550000
108.330000
75.330000
42.680000
78.370000
45.390000
12.690000
1.650000
1.460000
1.650000
1.730000
1.360000
1.340000
1.420000
1.400000
1.300000
13.480000
1.220000
1.150000
35.330000
2.320000
1.390000
1.490000
3.270000
1.620000
42.510000
9.500000
1.540000
1.610000
1.530000
1.540000
50.700000
17.690000
1.440000
86.920000
53.940000
21.230000
1.360000
1.590000
1.530000
1.720000
1.580000
1.490000
43.130000
10.180000
1.540000
1.600000
1.520000
1.540000
20.950000
1.530000
1.520000
1.560000
1.520000
1.530000
29.790000
1.440000
1.590000
75.540000
42.540000
9.870000
32.700000
1.380000
1.490000
1.600000
2.250000
1.440000
1.630000
1.630000
1.530000
47.890000
14.870000
1.560000
1.560000
1.510000
1.620000
60.340000
27.360000
1.550000
72.140000
39.310000
6.510000
18.760000
1.570000
1.650000
21.700000
1.520000
2.290000
1.540000
1.600000
1.390000
62.220000
29.230000
1.390000
1.630000
1.620000
1.530000
26.230000
1.520000
1.450000
9.720000
1.610000
1.530000
56.330000
23.330000
1.690000
62.810000
29.840000
1.220000
44.900000
11.660000
1.590000
102.380000
69.400000
36.880000
52.990000
19.990000
1.560000
1.450000
1.500000
1.590000
57.290000
24.310000
1.510000
28.000000
1.570000
1.620000
25.740000
1.530000
1.530000
112.000000
79.060000
46.600000
98.910000
65.800000
33.130000
95.110000
62.150000
29.590000
329.580000
296.520000
263.780000
166.070000
133.110000
100.480000
52.540000
19.520000
1.540000
416.560000
383.270000
350.780000
10.080000
1.610000
1.550000
66.390000
33.470000
2.080000
223.930000
190.920000
158.520000
35.240000
2.240000
1.410000
1.460000
1.460000
1.550000
43.560000
10.610000
1.640000
1.560000
1.560000
1.520000
62.860000
29.860000
1.360000
203.740000
170.770000
138.020000
86.100000
53.130000
20.460000
1.670000
1.540000
1.620000
135.160000
102.220000
69.780000
64.260000
31.250000
1.470000
3.800000
1.320000
1.380000
1.420000
1.360000
1.370000
26.940000
1.390000
1.510000
47.590000
14.590000
1.510000
1.590000
1.610000
1.550000
54.620000
21.600000
1.580000
17.430000
1.600000
1.660000
27.330000
1.490000
1.770000
93.930000
60.980000
28.270000
96.490000
63.480000
30.900000
1.600000
1.580000
1.370000
45.930000
12.820000
1.610000
24.020000
1.530000
1.570000
1.540000
1.550000
1.820000
2.160000
1.540000
1.690000
100.350000
67.350000
34.680000
44.060000
11.050000
1.820000
1.570000
1.450000
1.560000
34.780000
1.770000
1.550000
1.630000
1.520000
1.510000
25.160000
1.510000
1.520000
1.620000
1.630000
1.560000
1.700000
1.600000
1.560000
1.900000
1.500000
1.560000
1.960000
1.540000
1.540000
31.800000
1.380000
1.660000
98.880000
65.890000
33.410000
1.690000
1.550000
1.550000
39.990000
7.030000
1.530000
1.540000
1.550000
1.520000
78.840000
45.840000
13.200000
1.720000
1.620000
1.450000
30.550000
1.530000
1.560000
53.040000
20.100000
1.550000
24.100000
1.500000
1.510000
63.750000
30.880000
1.480000
93.170000
60.180000
27.800000
94.870000
61.920000
29.170000
1.640000
1.570000
1.430000
35.100000
2.120000
1.810000
29.180000
1.450000
1.530000
86.900000
53.970000
21.520000
1.660000
1.870000
1.570000
60.290000
27.310000
1.600000
1.590000
1.540000
1.640000
1.620000
1.880000
1.600000
107.750000
74.800000
42.330000
76.620000
43.700000
10.900000
1.660000
1.580000
1.580000
60.420000
27.380000
1.580000
113.720000
80.700000
48.250000
1.580000
1.630000
1.570000
1.620000
1.580000
1.940000
1.870000
1.780000
1.610000
96.500000
63.660000
30.940000
92.360000
59.400000
26.770000
1.570000
1.550000
1.680000
42.780000
9.760000
2.170000
67.670000
35.520000
2.440000
1.580000
1.560000
1.850000
26.730000
1.830000
1.640000
3.170000
1.600000
1.780000
73.810000
40.820000
8.310000
1.560000
1.840000
1.540000
3.400000
1.300000
2.210000
57.350000
24.110000
1.890000
65.990000
33.060000
1.700000
25.200000
1.750000
1.930000
1.650000
1.620000
1.420000
1.610000
1.540000
1.530000
50.870000
17.900000
1.540000
37.770000
4.680000
2.170000
1.560000
1.410000
1.570000
1.600000
1.870000
1.760000
20.890000
1.620000
1.560000
105.210000
72.250000
39.430000
1.240000
1.170000
1.760000
1.410000
1.350000
1.390000
1.510000
1.380000
1.480000
1.510000
2.100000
1.600000
85.470000
52.550000
20.000000
79.770000
46.790000
14.130000
44.880000
11.770000
1.610000
40.360000
7.390000
1.550000
1.550000
1.750000
1.600000
1.700000
1.610000
1.470000
76.600000
43.640000
11.180000
30.090000
1.950000
1.650000
52.350000
19.450000
1.520000
1.590000
1.520000
1.650000
42.310000
9.120000
1.890000
41.210000
8.190000
1.680000
111.530000
78.530000
45.830000
51.560000
18.590000
1.660000
106.570000
73.300000
40.720000
1.740000
1.550000
1.890000
12.980000
1.550000
1.450000
54.920000
21.910000
1.600000
69.650000
36.660000
3.960000
71.270000
38.310000
5.640000
1.590000
1.520000
1.580000
67.920000
34.940000
2.190000
82.190000
49.240000
16.440000
69.370000
36.390000
3.960000
3.260000
1.580000
1.760000
102.580000
69.570000
37.120000
94.780000
61.650000
29.230000
1.690000
1.390000
1.410000
91.270000
58.270000
25.370000
66.890000
34.950000
1.750000
85.260000
52.320000
19.610000
43.620000
10.640000
1.530000
1.500000
1.670000
1.600000
38.530000
5.470000
1.530000
38.040000
5.090000
1.400000
1.690000
2.030000
1.930000
48.540000
15.530000
1.520000
1.520000
1.520000
1.540000
1.670000
1.790000
1.620000
47.410000
14.380000
2.450000
16.520000
1.980000
1.440000
28.800000
1.400000
1.640000
74.680000
41.640000
8.990000
1.910000
1.620000
3.670000
100.800000
67.660000
35.320000
50.130000
16.900000
1.600000
78.930000
45.820000
13.470000
36.390000
3.200000
1.730000
69.460000
36.510000
3.880000
46.050000
12.730000
1.570000
62.300000
29.420000
1.750000
32.280000
1.420000
1.550000
75.670000
42.710000
10.320000
26.740000
1.650000
1.600000
32.900000
2.040000
1.620000
93.380000
60.400000
27.980000
91.710000
58.750000
26.280000
67.870000
34.890000
2.420000
1.560000
1.580000
2.170000
113.720000
80.790000
48.300000
1.600000
1.400000
1.540000
2.130000
17.560000
1.770000
1.500000
1.670000
2.140000
1.870000
2.130000
1.750000
62.890000
29.450000
1.760000
95.320000
62.290000
29.630000
1.440000
1.420000
1.390000
45.030000
12.060000
1.730000
82.410000
49.390000
16.560000
41.830000
8.830000
1.400000
1.580000
1.620000
1.570000
88.210000
55.180000
22.530000
1.610000
1.640000
1.690000
2.070000
1.850000
1.830000
61.070000
28.130000
1.670000
1.620000
1.530000
1.570000
65.750000
32.730000
1.280000
82.880000
49.910000
17.180000
2.530000
1.610000
1.520000
75.480000
42.300000
9.760000
2.540000
1.530000
1.540000
1.530000
1.510000
1.640000
54.950000
21.730000
1.540000
1.800000
2.310000
1.480000
1.680000
1.540000
1.510000
28.290000
1.520000
1.590000
31.410000
1.300000
1.590000
1.580000
1.510000
1.480000
75.210000
42.510000
9.420000
95.300000
62.370000
29.820000
97.020000
64.030000
31.280000
29.260000
1.440000
1.890000
2.130000
1.520000
1.650000
108.500000
75.610000
43.050000
71.190000
38.160000
5.590000
91.660000
58.730000
26.020000
108.890000
75.900000
43.210000
21.510000
1.510000
2.220000
55.810000
22.840000
1.940000
76.630000
43.670000
11.160000
1.620000
1.540000
1.590000
1.620000
1.720000
1.490000
44.790000
11.880000
1.830000
15.970000
1.560000
1.650000
1.680000
1.750000
2.080000
103.010000
70.180000
37.420000
53.390000
20.400000
1.740000
46.210000
13.200000
2.070000
39.220000
6.230000
1.680000
70.240000
37.270000
4.570000
87.120000
54.160000
21.710000
1.610000
1.670000
2.120000
80.630000
47.660000
15.220000
45.770000
12.780000
1.540000
65.750000
32.820000
1.370000
1.630000
1.590000
1.490000
62.440000
29.170000
1.410000
1.580000
1.730000
2.020000
110.110000
77.120000
44.400000
61.240000
28.290000
1.580000
66.640000
33.340000
1.380000
111.560000
78.570000
45.850000
1.670000
1.550000
1.400000
52.340000
19.370000
1.580000
70.360000
37.420000
4.900000
81.670000
48.680000
16.260000
16.850000
1.530000
1.570000
61.760000
28.860000
1.590000
86.180000
53.270000
20.550000
80.510000
47.540000
14.910000
14.070000
1.450000
1.570000
58.300000
25.270000
1.520000
1.600000
1.610000
1.600000
75.380000
42.450000
9.770000
68.840000
35.940000
3.160000
1.580000
1.550000
1.440000
188.980000
155.990000
123.310000
1.610000
1.550000
1.950000
77.740000
44.790000
12.100000
103.870000
70.910000
38.170000
1.870000
1.650000
1.590000
1.820000
1.560000
1.920000
1.760000
1.460000
1.360000
33.350000
1.500000
1.590000
70.530000
37.510000
4.840000
69.430000
36.440000
3.750000
79.380000
46.360000
13.700000
1.760000
1.490000
1.510000
1.590000
1.530000
21.360000
1.530000
1.570000
1.660000
1.540000
1.550000
32.930000
1.480000
1.600000
1.710000
1.670000
1.590000
1.500000
2.620000
1.520000
103.730000
70.800000
38.050000
1.530000
1.630000
1.520000
1.550000
1.500000
1.640000
97.500000
64.470000
31.820000
16.280000
1.550000
1.530000
2.240000
1.490000
1.580000
102.920000
69.970000
37.440000
1.640000
1.530000
1.750000
55.350000
22.360000
2.030000
89.350000
56.470000
23.840000
1.640000
1.790000
1.490000
1.630000
1.520000
1.620000
113.110000
80.120000
47.430000
30.300000
1.430000
1.530000
101.020000
67.980000
35.360000
28.270000
1.500000
1.900000
3.150000
1.800000
1.540000
1.640000
1.620000
2.170000
1.660000
1.550000
1.550000
53.570000
20.530000
1.570000
1.580000
1.820000
1.670000
1.620000
1.500000
1.780000
1.710000
1.650000
1.950000
34.430000
1.440000
1.710000
1.590000
1.600000
1.600000
19.530000
1.570000
1.610000
56.770000
23.790000
2.050000
42.500000
9.520000
1.800000
50.420000
17.430000
2.110000
1.570000
1.490000
1.570000
14.850000
1.720000
1.610000
95.940000
62.910000
30.180000
1.710000
1.400000
2.910000
99.080000
66.050000
33.500000
57.680000
24.670000
1.530000
60.780000
27.760000
1.530000
1.550000
1.480000
1.560000
102.800000
69.830000
37.170000
2.040000
1.560000
1.550000
74.840000
41.850000
9.240000
56.180000
23.020000
1.570000
1.470000
1.570000
1.500000
2.470000
1.510000
1.520000
20.900000
1.560000
1.620000
25.360000
1.520000
1.580000
27.840000
1.530000
1.500000
88.840000
55.860000
23.240000
100.720000
67.750000
35.230000
1.610000
1.680000
1.530000
1.570000
1.510000
1.310000
1.570000
1.560000
1.720000
66.360000
33.360000
1.380000
1.660000
1.560000
1.460000
80.490000
47.530000
14.830000
103.240000
70.270000
37.750000
1.670000
1.550000
1.550000
77.110000
44.150000
11.620000
47.430000
14.450000
1.620000
82.710000
49.670000
16.960000
15.210000
1.640000
1.570000
27.910000
1.520000
1.610000
1.640000
1.820000
1.630000
26.390000
1.450000
1.400000
50.940000
17.960000
1.870000
40.130000
7.170000
1.640000
1.640000
1.530000
1.550000
1.520000
1.930000
1.390000
1.510000
1.530000
1.410000
1.770000
1.380000
2.430000
1.470000
1.550000
1.560000
1.620000
2.250000
1.570000
53.260000
20.240000
1.500000
1.600000
1.870000
1.530000
109.530000
76.520000
43.820000
37.470000
4.530000
1.480000
1.600000
1.510000
1.530000
40.570000
7.370000
1.520000
49.760000
16.860000
1.570000
63.860000
30.860000
1.470000
42.900000
9.920000
1.520000
1.630000
1.510000
1.560000
53.490000
20.480000
1.750000
112.090000
79.090000
46.510000
63.240000
29.980000
1.380000
77.270000
44.330000
11.560000
92.250000
59.370000
26.600000
61.100000
28.080000
1.620000
65.910000
32.930000
1.410000
1.600000
1.520000
1.880000
15.270000
1.570000
1.560000
74.570000
41.570000
9.100000
48.230000
15.240000
1.530000
44.690000
11.780000
1.520000
107.000000
74.000000
41.300000
78.720000
45.660000
13.000000
99.640000
66.530000
33.790000
91.870000
58.900000
26.280000
29.480000
1.260000
1.490000
87.840000
54.850000
22.160000
70.600000
37.590000
4.940000
1.570000
1.690000
1.810000
1.530000
1.550000
1.530000
101.770000
68.770000
36.040000
1.520000
1.490000
1.570000
43.160000
10.180000
1.500000
1.570000
1.490000
1.600000
77.480000
44.490000
11.880000
62.520000
29.550000
1.430000
107.410000
74.400000
41.750000
1.490000
1.530000
1.920000
1.560000
1.500000
1.540000
18.630000
1.500000
1.860000
51.800000
18.830000
1.590000
112.890000
79.900000
47.290000
1.630000
1.520000
1.570000
1.640000
1.560000
1.540000
1.750000
1.530000
1.510000
22.370000
1.590000
1.540000
1.600000
1.540000
1.580000
1.580000
1.530000
1.420000
74.210000
41.250000
8.770000
56.450000
23.560000
1.590000
71.890000
38.900000
6.270000
98.360000
65.350000
32.660000
1.650000
1.680000
1.580000
56.460000
23.490000
1.960000
1.670000
1.540000
1.530000
104.460000
71.430000
38.770000
69.750000
36.770000
4.080000
1.650000
1.480000
1.560000
82.430000
49.460000
16.930000
1.460000
1.710000
1.530000
21.830000
1.460000
1.590000
72.700000
39.690000
7.080000
2.140000
1.540000
1.520000
82.460000
49.320000
16.710000
80.880000
47.930000
15.260000
1.840000
1.520000
1.870000
47.780000
14.480000
1.630000
57.720000
24.610000
1.510000
27.530000
3.540000
1.640000
1.500000
1.510000
1.650000
217.150000
184.180000
151.490000
95.550000
62.550000
30.070000
45.570000
12.540000
1.630000
100.740000
67.750000
40.080000
12.170000
1.600000
1.760000
1.530000
110.180000
196.700000
163.690000
131.060000
93.610000
60.640000
27.950000
99.620000
66.710000
34.030000
1.590000
1.570000
1.850000
51.870000
18.850000
1.410000
1.660000
1.380000
1.660000
98.510000
65.560000
32.820000
58.700000
25.700000
1.420000
1.480000
1.550000
1.570000
51.230000
18.290000
1.540000
61.080000
28.050000
1.950000
1.400000
1.440000
1.480000
1.760000
2.960000
1.350000
1.320000
1.360000
1.350000
1.370000
1.400000
1.330000
1.510000
1.410000
1.380000
81.830000
48.570000
16.280000
101.120000
68.050000
35.440000
113.520000
80.550000
47.940000
112.720000
79.780000
47.220000
1.610000
1.680000
1.750000
59.270000
26.140000
1.510000
1.670000
1.620000
1.560000
1.580000
1.700000
1.610000
83.520000
50.530000
17.890000
61.580000
28.560000
1.940000
38.830000
5.910000
2.560000
1.610000
1.540000
1.520000
105.820000
72.850000
40.180000
69.940000
36.920000
4.270000
44.690000
11.660000
1.700000
99.640000
66.560000
34.140000
82.560000
49.620000
16.870000
1.590000
1.560000
1.560000
47.510000
14.540000
1.450000
77.750000
44.780000
12.270000
1.940000
1.680000
1.460000
31.420000
1.470000
1.610000
1.600000
1.580000
1.510000
90.420000
57.470000
24.810000
71.710000
38.690000
6.030000
2.200000
2.010000
1.520000
96.510000
63.530000
30.930000
19.210000
1.560000
1.570000
48.320000
15.330000
1.630000
1.840000
1.640000
1.700000
95.640000
62.640000
29.870000
2.150000
1.370000
1.450000
37.990000
5.020000
1.410000
42.790000
9.790000
3.150000
105.620000
72.610000
39.870000
100.960000
67.970000
35.290000
53.510000
20.480000
1.520000
1.900000
1.550000
1.630000
1.580000
1.530000
1.930000
25.130000
1.480000
1.520000
1.660000
1.470000
1.550000
17.750000
1.440000
1.620000
3.160000
1.880000
1.860000
81.900000
48.670000
15.990000
1.510000
1.430000
1.440000
114.380000
81.380000
48.720000
1.650000
1.520000
1.560000
63.170000
30.200000
1.450000
1.580000
1.540000
1.750000
36.590000
3.590000
1.430000
105.230000
72.250000
39.750000
54.190000
21.170000
1.560000
65.670000
32.760000
1.370000
62.130000
29.120000
1.430000
26.780000
1.750000
1.850000
53.790000
20.830000
1.490000
36.790000
3.820000
1.580000
77.230000
44.220000
11.590000
1.490000
1.510000
1.530000
1.530000
1.580000
1.550000
20.730000
1.520000
1.570000
54.340000
21.350000
1.570000
83.650000
50.530000
17.850000
90.130000
57.150000
24.480000
73.130000
40.170000
7.680000
1.340000
1.560000
1.510000
95.780000
62.760000
30.110000
1.580000
1.610000
1.520000
1.920000
1.610000
1.550000
40.060000
7.050000
1.580000
75.590000
42.610000
9.970000
33.420000
1.680000
1.550000
58.830000
25.880000
1.670000
1.620000
1.650000
1.570000
31.310000
1.420000
1.510000
1.560000
1.400000
1.500000
106.940000
73.690000
41.220000
31.810000
1.500000
1.560000
76.430000
43.450000
10.690000
117.100000
84.110000
51.390000
102.320000
69.350000
36.690000
1.570000
1.750000
1.530000
2.430000
1.560000
1.490000
1.510000
1.500000
1.520000
104.060000
71.090000
38.340000
20.330000
1.560000
1.520000
20.650000
1.740000
1.540000
80.160000
47.200000
14.710000
68.160000
34.990000
2.210000
21.220000
1.510000
1.560000
53.100000
20.120000
1.520000
91.810000
58.800000
26.060000
84.880000
51.910000
19.130000
68.310000
35.320000
2.560000
99.980000
67.050000
34.270000
66.840000
33.850000
1.420000
99.210000
66.110000
33.530000
84.560000
51.620000
18.940000
1.580000
1.820000
1.680000
15.590000
1.730000
1.580000
20.470000
1.530000
1.570000
14.740000
1.600000
1.520000
77.890000
44.900000
12.210000
54.360000
21.290000
1.730000
1.560000
1.540000
1.620000
40.710000
7.500000
1.600000
1.590000
1.580000
1.510000
26.280000
1.560000
1.530000
109.730000
76.730000
44.040000
93.780000
60.810000
28.090000
24.780000
1.490000
1.510000
1.480000
1.520000
1.570000
37.400000
4.430000
1.560000
79.260000
46.260000
13.620000
26.940000
1.600000
1.730000
34.550000
1.640000
1.600000
62.530000
29.520000
1.390000
60.090000
27.080000
1.420000
1.830000
1.560000
1.550000
1.510000
2.430000
1.510000
2.000000
1.540000
1.360000
2.230000
1.420000
1.710000
1.650000
1.520000
1.500000
1.610000
1.560000
1.400000
1.550000
1.580000
2.160000
22.630000
1.380000
1.430000
1.490000
1.380000
1.340000
1.390000
1.630000
1.340000
1.420000
1.570000
1.510000
1.630000
1.520000
1.520000
1.580000
1.540000
1.590000
63.270000
30.280000
1.440000
1.610000
1.590000
1.440000
52.440000
19.430000
1.620000
83.740000
50.760000
18.080000
78.090000
45.100000
12.380000
82.380000
49.460000
16.790000
1.640000
1.540000
1.550000
1.620000
1.500000
1.510000
1.620000
1.570000
1.520000
1.550000
1.530000
1.530000
1.490000
1.610000
1.490000
66.560000
33.490000
1.600000
47.180000
14.090000
1.500000
82.950000
49.920000
17.160000
89.280000
56.310000
23.540000
18.640000
1.630000
1.620000
42.100000
9.070000
1.610000
1.630000
1.840000
1.620000
46.000000
12.970000
1.800000
78.800000
45.770000
12.980000
1.430000
1.400000
1.970000
70.190000
37.210000
4.490000
88.120000
55.190000
22.640000
63.300000
30.300000
1.370000
1.720000
1.530000
1.870000
18.460000
1.550000
1.570000
28.300000
1.510000
1.570000
88.950000
55.930000
23.340000
45.420000
12.450000
1.530000
61.980000
29.010000
1.270000
72.520000
39.540000
6.830000
76.450000
43.470000
10.780000
1.730000
2.150000
1.580000
1.620000
1.550000
1.550000
88.780000
55.790000
23.100000
9.950000
1.750000
1.570000
53.980000
20.960000
1.510000
34.950000
1.950000
1.710000
50.280000
17.350000
1.470000
1.540000
1.560000
1.510000
73.510000
40.570000
7.970000
14.350000
1.580000
1.640000
2.650000
1.460000
1.580000
13.720000
1.510000
1.420000
1.610000
1.470000
1.410000
1.600000
1.490000
1.560000
1.460000
1.430000
1.570000
1.400000
1.590000
1.510000
98.140000
65.040000
32.420000
1.600000
2.280000
1.560000
97.030000
64.080000
31.370000
2.360000
1.490000
1.560000
87.710000
54.720000
22.020000
1.920000
1.530000
1.510000
1.540000
1.450000
1.580000
100.070000
67.160000
34.720000
81.110000
48.130000
15.670000
111.020000
78.040000
45.320000
59.110000
26.070000
2.050000
90.790000
57.820000
25.320000
16.290000
1.380000
1.360000
72.730000
39.730000
6.980000
1.400000
2.040000
1.360000
98.910000
65.910000
33.200000
1.670000
1.930000
1.850000
1.850000
1.570000
1.560000
1.670000
1.540000
1.860000
1.550000
1.640000
1.680000
1.690000
1.560000
1.430000
45.720000
12.710000
1.570000
42.650000
9.670000
1.570000
57.730000
24.720000
1.600000
49.560000
16.570000
1.430000
54.520000
21.580000
1.650000
48.820000
15.830000
1.560000
89.630000
56.620000
24.130000
84.910000
51.950000
19.430000
1.760000
1.540000
1.540000
1.560000
1.650000
1.540000
1.630000
1.600000
1.910000
108.730000
75.780000
43.010000
1.430000
1.510000
1.490000
1.670000
1.540000
1.770000
1.530000
1.590000
1.540000
64.810000
31.910000
1.430000
1.560000
1.580000
1.490000
86.050000
53.080000
20.530000
101.520000
68.530000
35.850000
53.210000
20.240000
1.700000
83.890000
50.950000
18.140000
99.380000
66.460000
33.820000
1.570000
1.460000
1.560000
110.920000
77.840000
45.200000
34.450000
1.470000
1.520000
27.600000
1.810000
1.470000
115.970000
82.890000
50.080000
1.460000
1.370000
2.390000
1.720000
1.520000
1.390000
1.340000
1.410000
1.630000
2.190000
1.570000
1.510000
60.400000
27.380000
1.610000
1.650000
1.570000
1.440000
93.520000
60.540000
28.060000
1.580000
1.580000
1.620000
1.780000
1.600000
1.660000
1.690000
3.710000
1.390000
1.610000
1.540000
1.550000
15.660000
2.200000
1.830000
1.540000
1.480000
1.460000
88.060000
54.920000
22.350000
34.530000
1.520000
1.710000
1.620000
1.640000
1.590000
59.930000
27.000000
1.540000
1.620000
1.610000
1.550000
67.300000
34.240000
2.010000
13.070000
1.530000
1.550000
1.560000
1.590000
1.440000
1.540000
1.600000
1.660000
31.900000
1.420000
1.540000
110.940000
77.550000
44.830000
1.840000
1.680000
6.160000
1.580000
1.670000
1.520000
113.500000
80.440000
48.540000
48.280000
15.020000
1.480000
15.320000
1.500000
1.600000
109.700000
76.670000
44.010000
1.590000
1.570000
1.680000
1.480000
1.490000
1.600000
102.750000
69.810000
37.310000
1.870000
2.240000
1.520000
54.860000
21.960000
1.550000
1.680000
1.730000
1.670000
49.800000
16.790000
1.350000
1.390000
1.370000
1.370000
107.200000
74.310000
41.850000
100.920000
67.940000
35.330000
101.160000
68.250000
35.600000
1.600000
1.510000
1.840000
46.940000
13.940000
1.570000
25.520000
2.000000
1.550000
2.040000
1.560000
1.540000
1.710000
1.610000
1.550000
34.630000
1.760000
1.630000
52.020000
18.920000
1.460000
73.680000
40.850000
8.290000
68.170000
35.110000
2.560000
16.110000
1.600000
1.540000
52.580000
19.580000
1.540000
56.890000
23.890000
1.560000
1.550000
1.590000
2.110000
1.550000
1.620000
1.590000
1.410000
1.500000
1.480000
1.620000
1.530000
1.560000
1.560000
1.560000
1.610000
1.960000
1.560000
1.840000
1.560000
1.530000
1.540000
36.470000
3.470000
1.620000
25.840000
1.650000
1.830000
58.450000
25.490000
1.370000
1.460000
1.460000
1.410000
1.390000
1.420000
1.380000
1.730000
1.370000
1.200000
115.240000
82.240000
49.620000
27.920000
1.530000
1.360000
100.960000
68.060000
36.020000
1.540000
1.540000
1.650000
1.680000
1.540000
1.780000
33.760000
1.610000
1.540000
1.760000
1.580000
1.670000
87.500000
54.480000
22.020000
90.990000
57.980000
25.540000
23.630000
1.440000
2.260000
58.450000
25.440000
1.570000
99.700000
66.730000
33.950000
1.620000
1.590000
1.540000
73.390000
40.500000
7.760000
83.100000
50.070000
17.380000
100.790000
67.840000
35.380000
103.190000
70.190000
37.570000
102.640000
69.730000
37.080000
85.940000
52.960000
20.300000
55.010000
22.030000
1.520000
1.550000
1.520000
1.530000
1.580000
1.540000
1.620000
94.980000
62.000000
29.280000
100.350000
67.390000
34.740000
71.640000
38.630000
5.970000
1.540000
1.540000
2.100000
2.220000
1.530000
1.570000
29.690000
1.380000
1.600000
87.510000
54.580000
21.880000
25.360000
1.540000
1.620000
1.470000
1.530000
1.520000
1.580000
2.150000
100.010000
67.040000
34.370000
23.960000
1.520000
1.590000
17.480000
1.520000
1.550000
1.630000
1.620000
1.380000
114.640000
81.650000
49.000000
58.540000
25.530000
1.630000
24.650000
1.580000
1.770000
51.900000
18.950000
1.470000
106.290000
73.290000
40.530000
89.080000
56.180000
24.030000
64.910000
31.900000
1.470000
52.220000
19.210000
1.710000
113.170000
80.190000
47.720000
1.590000
1.840000
1.600000
1.400000
1.670000
1.670000
1.520000
1.540000
18.630000
1.550000
1.580000
70.840000
37.830000
5.170000
113.360000
80.350000
47.690000
47.710000
14.710000
1.590000
103.420000
70.460000
37.950000
48.050000
15.100000
1.610000
1.940000
1.560000
1.540000
37.650000
4.650000
2.400000
1.600000
1.550000
1.720000
99.650000
66.750000
34.060000
72.210000
39.310000
6.670000
1.570000
1.560000
1.390000
89.750000
56.920000
24.360000
51.890000
18.870000
2.330000
46.710000
13.690000
1.560000
114.470000
81.470000
48.750000
60.710000
27.750000
1.580000
20.650000
1.590000
1.530000
81.710000
48.720000
15.990000
39.800000
6.780000
1.480000
1.740000
1.460000
1.480000
71.280000
38.350000
5.680000
1.560000
1.580000
122.320000
13.410000
1.800000
89.200000
97.830000
64.900000
32.370000
76.410000
43.400000
10.710000
62.710000
29.470000
1.470000
410.090000
376.940000
344.520000
20.580000
1.940000
1.640000
22.710000
1.330000
1.370000
79.090000
46.180000
13.590000
75.690000
42.410000
9.840000
1.790000
1.540000
1.530000
47.720000
14.740000
1.560000
40.880000
7.860000
1.530000
20.200000
2.500000
1.890000
1.430000
1.840000
1.600000
71.090000
38.100000
5.440000
14.770000
1.600000
1.590000
40.800000
7.890000
1.560000
90.290000
57.350000
24.730000
1.580000
1.550000
1.490000
108.710000
75.550000
43.120000
32.010000
1.460000
1.800000
1.610000
1.320000
1.400000
1.370000
1.400000
75.880000
42.870000
10.160000
74.820000
41.850000
9.260000
73.330000
40.350000
7.660000
60.370000
27.240000
1.520000
1.460000
1.690000
1.570000
44.220000
11.250000
1.600000
1.770000
1.440000
1.520000
39.440000
6.500000
1.550000
60.350000
27.350000
1.530000
1.560000
1.510000
1.640000
1.580000
1.580000
1.620000
33.360000
1.430000
1.520000
87.890000
54.920000
22.390000
84.610000
51.600000
19.030000
67.930000
34.920000
2.270000
62.180000
29.090000
1.550000
1.500000
1.510000
1.590000
18.790000
1.520000
1.500000
1.850000
1.520000
1.540000
69.380000
36.380000
3.980000
1.720000
1.910000
1.530000
12.810000
1.510000
1.380000
74.010000
41.000000
8.510000
1.630000
1.390000
1.460000
2.320000
1.570000
1.710000
23.170000
1.550000
1.540000
104.460000
71.440000
38.960000
84.570000
51.610000
19.470000
26.770000
1.850000
1.940000
1.460000
1.510000
1.530000
100.090000
67.110000
34.550000
1.570000
1.670000
1.820000
1.850000
1.410000
1.270000
1.400000
1.390000
1.450000
86.300000
53.310000
20.920000
1.710000
1.540000
1.560000
1.600000
1.590000
1.870000
75.130000
42.240000
9.570000
104.290000
71.200000
38.510000
71.930000
38.930000
6.260000
71.380000
38.370000
5.910000
61.440000
28.430000
1.530000
18.440000
1.730000
1.560000
1.650000
1.600000
1.580000
69.410000
36.270000
3.560000
44.330000
11.240000
1.500000
1.580000
1.290000
1.380000
2.070000
3.270000
1.600000
19.170000
1.630000
1.740000
75.170000
42.260000
9.650000
60.730000
27.680000
1.340000
87.030000
54.040000
1.550000
1.580000
1.920000
69.680000
36.670000
3.940000
37.220000
4.230000
1.780000
203.200000
170.180000
137.630000
58.180000
25.230000
1.500000
78.120000
45.180000
12.560000
1.760000
1.520000
1.540000
72.720000
39.760000
7.240000
92.800000
60.000000
27.440000
47.470000
14.220000
1.680000
1.560000
1.660000
1.550000
91.810000
58.880000
26.210000
1.590000
1.460000
1.440000
42.520000
9.530000
1.640000
79.110000
46.050000
13.480000
98.110000
65.130000
32.500000
16.730000
1.630000
1.570000
101.540000
68.530000
35.810000
79.640000
46.650000
14.020000
1.660000
1.520000
1.520000
1.590000
1.550000
1.410000
138.610000
105.620000
72.900000
83.790000
50.870000
18.120000
114.450000
81.450000
48.710000
1.610000
1.580000
1.400000
1.630000
1.580000
1.680000
45.560000
12.550000
1.610000
101.310000
68.340000
35.870000
1.600000
1.640000
1.520000
1.590000
1.540000
1.570000
1.660000
1.550000
1.600000
2.010000
3.530000
1.590000
1.550000
1.600000
1.610000
1.600000
1.380000
1.520000
1.480000
1.530000
13.110000
1.640000
1.490000
76.700000
43.720000
11.200000
143.700000
110.780000
78.310000
52.040000
19.100000
1.570000
1.760000
1.510000
1.740000
16.660000
1.550000
1.680000
14.590000
1.570000
1.540000
1.510000
1.600000
1.900000
25.410000
1.500000
2.090000
41.710000
8.530000
1.570000
1.750000
1.600000
1.600000
65.430000
32.430000
1.220000
21.550000
1.350000
1.320000
15.440000
1.640000
1.890000
1.490000
1.660000
1.750000
42.320000
9.310000
1.550000
1.600000
