1.800000
79.640000
49.090000
78.540000
1.830000
1.880000
37.790000
1.600000
90.880000
1.360000
1.490000
1.480000
33.920000
82.540000
110.400000
99.680000
94.200000
20.830000
1.650000
83.260000
80.560000
51.810000
1.520000
1.900000
1.640000
1.470000
44.270000
40.740000
1.590000
1.620000
1.700000
14.910000
87.450000
57.860000
78.840000
1.540000
75.380000
106.550000
1.550000
1.590000
1.500000
63.530000
64.270000
1.620000
41.110000
59.260000
1.650000
69.640000
91.590000
18.550000
6.100000
129.600000
79.390000
1.540000
53.580000
58.340000
97.430000
1.620000
99.820000
92.820000
1.580000
1.610000
39.070000
75.040000
111.940000
36.620000
1.580000
1.580000
1.550000
1.530000
40.020000
71.030000
87.990000
1.550000
58.860000
50.280000
1.660000
17.430000
47.310000
1.690000
52.440000
110.220000
86.310000
78.310000
1.440000
1.420000
75.540000
93.480000
106.700000
1.850000
15.140000
1.590000
33.550000
1.570000
1.690000
43.260000
1.540000
27.990000
1.450000
1.430000
1.430000
1.470000
1.930000
1.490000
63.390000
1.360000
79.950000
1.580000
71.910000
64.860000
1.590000
37.260000
1.630000
52.530000
1.490000
36.790000
1.330000
57.180000
9.540000
3.610000
46.890000
1.580000
5.280000
8.950000
36.590000
20.410000
109.510000
85.770000
68.700000
109.490000
1.580000
31.730000
92.940000
1.460000
1.320000
1.390000
1.430000
65.400000
102.850000
55.500000
2.200000
60.310000
114.600000
111.330000
44.970000
36.980000
13.720000
1.640000
1.720000
14.500000
1.490000
91.690000
19.390000
1.520000
82.600000
84.520000
35.950000
43.410000
54.150000
68.100000
1.580000
1.490000
1.600000
1.620000
1.650000
58.460000
89.270000
48.860000
49.500000
69.640000
1.580000
63.420000
1.610000
1.720000
48.200000
58.770000
1.580000
1.720000
1.660000
52.750000
1.640000
1.650000
83.460000
100.460000
2.070000
9.850000
1.380000
68.570000
77.870000
1.560000
111.370000
96.250000
1.520000
1.560000
60.380000
1.560000
90.200000
44.770000
26.110000
1.590000
1.650000
60.300000
1.610000
19.500000
1.610000
100.990000
4.250000
105.710000
89.820000
26.740000
1.510000
1.460000
1.860000
1.430000
1.700000
58.280000
1.590000
81.710000
41.380000
1.460000
86.110000
33.860000
42.610000
70.350000
54.120000
88.810000
57.420000
43.890000
82.600000
1.620000
1.560000
61.470000
69.580000
1.550000
1.770000
1.690000
30.420000
1.530000
99.060000
1.540000
23.060000
1.630000
1.640000
1.550000
102.290000
63.070000
1.700000
1.560000
85.630000
66.150000
24.620000
50.680000
1.880000
2.080000
78.190000
1.420000
19.410000
78.420000
101.180000
92.910000
1.590000
1.530000
24.380000
48.960000
53.360000
20.250000
1.540000
26.120000
23.690000
22.930000
1.440000
25.570000
2.320000
238.570000
16.370000
72.190000
400.810000
55.120000
135.480000
99.810000
179.140000
64.720000
1.740000
1.730000
19.750000
1.560000
1.670000
55.640000
44.650000
1.620000
76.370000
194.940000
1.600000
45.160000
75.370000
76.250000
94.210000
1.620000
1.630000
78.020000
80.600000
81.780000
1.740000
1.600000
72.130000
1.840000
90.010000
2.280000
73.380000
1.550000
1.600000
1.240000
1.480000
37.760000
27.380000
1.400000
105.010000
86.570000
1.650000
27.710000
95.460000
72.200000
79.150000
46.650000
79.420000
1.540000
35.270000
1.820000
1.570000
70.290000
1.660000
81.950000
64.040000
1.450000
102.430000
1.740000
1.570000
1.570000
1.530000
100.090000
52.750000
25.460000
43.820000
1.490000
36.120000
86.370000
110.790000
1.680000
71.960000
71.730000
87.830000
63.880000
1.460000
1.460000
100.310000
1.630000
60.810000
77.930000
1.320000
1.320000
24.950000
61.770000
82.840000
60.110000
108.160000
1.620000
62.230000
102.420000
96.860000
96.290000
7.180000
30.040000
1.540000
81.390000
73.020000
33.270000
70.050000
33.460000
18.820000
93.570000
1.720000
25.510000
69.560000
1.600000
95.140000
73.810000
1.560000
1.690000
36.110000
60.350000
1.570000
106.060000
1.600000
92.930000
64.540000
40.690000
1.350000
1.570000
87.290000
42.640000
21.250000
66.830000
54.160000
29.030000
1.500000
1.670000
1.930000
1.620000
1.620000
82.230000
43.470000
2.110000
98.750000
40.160000
90.720000
1.660000
1.690000
1.790000
1.580000
74.850000
1.500000
1.540000
92.970000
41.660000
82.370000
1.510000
35.500000
66.430000
1.580000
64.650000
1.530000
68.820000
34.790000
60.570000
1.930000
1.290000
69.840000
105.810000
54.350000
86.030000
37.320000
36.370000
60.500000
79.870000
37.900000
52.970000
56.320000
1.600000
81.520000
10.000000
23.420000
1.550000
51.740000
1.600000
113.910000
1.490000
1.600000
75.230000
1.600000
13.380000
1.500000
1.640000
98.130000
97.540000
1.530000
72.130000
68.420000
1.970000
83.250000
74.070000
27.310000
16.430000
1.580000
82.830000
51.210000
26.080000
1.990000
1.580000
1.580000
37.870000
95.160000
26.580000
38.780000
1.550000
30.880000
1.630000
1.640000
26.310000
37.240000
83.220000
17.750000
97.540000
44.760000
27.490000
1.620000
1.610000
106.120000
74.040000
1.410000
103.110000
33.290000
1.690000
50.810000
1.590000
8.310000
1.560000
1.660000
78.480000
42.400000
1.670000
16.980000
57.590000
95.760000
89.750000
44.590000
15.610000
1.620000
19.050000
76.770000
1.570000
38.660000
41.730000
23.670000
81.770000
85.010000
1.820000
76.960000
77.230000
47.170000
1.480000
87.650000
86.730000
65.860000
1.900000
92.510000
46.880000
1.550000
50.070000
1.670000
1.720000
1.620000
94.890000
15.900000
1.620000
24.300000
83.260000
1.860000
97.290000
1.590000
48.830000
1.560000
1.750000
110.760000
1.660000
60.900000
37.170000
69.810000
1.580000
30.230000
1.560000
1.590000
1.420000
67.230000
1.530000
26.310000
78.010000
97.660000
138.810000
33.140000
75.710000
17.380000
85.300000
1.490000
59.170000
49.010000
1.640000
1.560000
73.070000
1.630000
110.370000
32.270000
1.540000
1.570000
1.520000
1.740000
71.560000
101.070000
39.440000
52.380000
1.590000
31.070000
1.760000
22.410000
79.930000
1.560000
77.420000
36.850000
1.660000
98.290000
1.620000
31.670000
2.260000
1.650000
52.520000
1.590000
71.390000
1.530000
24.740000
1.720000
80.400000
87.060000
107.750000
42.770000
44.520000
1.660000
12.510000
1.680000
48.060000
1.850000
22.230000
101.830000
56.560000
1.840000
1.580000
1.560000
1.580000
1.610000
74.970000
83.820000
80.570000
94.830000
35.860000
73.240000
1.610000
39.740000
29.180000
44.370000
111.320000
38.630000
220.860000
20.510000
2.390000
189.120000
59.190000
38.370000
138.210000
146.180000
40.780000
68.770000
49.490000
43.380000
1.680000
50.680000
19.980000
99.390000
80.900000
53.310000
66.380000
2.480000
1.600000
72.860000
67.050000
103.770000
38.970000
100.730000
2.070000
27.060000
1.570000
1.750000
17.460000
38.260000
1.580000
38.570000
1.640000
1.940000
1.550000
77.790000
24.790000
1.650000
91.180000
2.200000
1.690000
1.760000
16.440000
64.890000
1.660000
27.420000
84.830000
1.920000
32.930000
1.780000
1.920000
2.510000
98.130000
29.120000
80.310000
14.930000
73.510000
2.060000
1.590000
77.180000
1.710000
73.370000
1.580000
19.090000
56.730000
26.810000
23.900000
1.360000
47.660000
1.570000
64.010000
1.650000
1.420000
46.010000
83.290000
1.580000
76.690000
1.610000
1.550000
74.760000
56.420000
19.860000
1.450000
60.790000
92.550000
85.470000
1.810000
35.200000
40.800000
1.330000
26.740000
1.970000
91.290000
29.550000
36.330000
1.580000
57.000000
1.650000
1.550000
1.880000
18.800000
40.020000
22.230000
1.570000
1.580000
1.580000
19.150000
28.540000
1.640000
54.170000
58.550000
59.360000
92.730000
1.640000
1.660000
1.550000
1.850000
1.550000
1.550000
44.100000
77.380000
92.010000
86.520000
80.660000
1.720000
59.850000
1.620000
1.540000
1.590000
1.890000
1.620000
84.270000
40.980000
38.280000
22.670000
14.970000
1.650000
1.580000
38.220000
109.100000
103.910000
52.860000
1.640000
1.680000
23.580000
57.200000
1.630000
108.770000
1.540000
78.770000
1.590000
1.460000
67.540000
35.080000
55.610000
84.030000
87.360000
70.580000
76.490000
81.760000
62.340000
2.460000
63.130000
93.870000
60.350000
1.600000
15.770000
66.770000
1.570000
67.910000
100.000000
1.560000
1.930000
110.520000
1.560000
29.110000
55.060000
55.210000
77.630000
76.260000
45.650000
102.320000
1.620000
77.060000
38.410000
1.560000
43.590000
1.570000
1.650000
59.930000
58.870000
1.560000
32.780000
50.330000
100.880000
1.640000
25.400000
72.910000
1.710000
62.020000
1.590000
35.750000
69.220000
32.390000
1.550000
25.120000
60.030000
1.390000
1.520000
21.720000
50.880000
60.640000
72.460000
1.650000
76.260000
1.540000
1.630000
74.350000
76.600000
78.880000
104.780000
36.510000
44.860000
44.470000
1.490000
28.340000
32.420000
1.590000
85.610000
33.130000
43.580000
86.570000
95.040000
66.330000
1.580000
38.180000
1.450000
2.020000
69.330000
1.420000
1.510000
51.160000
41.180000
1.650000
80.340000
23.510000
1.680000
17.850000
1.630000
45.120000
1.700000
39.140000
1.550000
73.900000
37.430000
1.560000
29.900000
104.780000
41.060000
80.730000
29.880000
1.620000
1.650000
31.660000
46.920000
46.630000
53.890000
13.570000
85.000000
93.510000
34.910000
1.610000
106.360000
57.580000
1.540000
21.740000
1.530000
61.260000
43.450000
31.610000
79.410000
45.270000
23.580000
112.400000
1.560000
1.540000
1.610000
69.280000
60.330000
49.880000
49.380000
1.370000
44.250000
25.810000
93.830000
100.990000
1.690000
2.200000
1.590000
61.900000
1.540000
1.650000
52.030000
27.960000
110.880000
99.030000
10.040000
63.070000
1.560000
1.640000
52.310000
1.600000
93.780000
1.540000
1.720000
13.340000
48.370000
1.700000
42.330000
1.660000
91.270000
1.560000
19.720000
22.240000
71.860000
152.710000
113.590000
1.490000
37.810000
1.670000
69.760000
61.700000
90.140000
1.590000
108.880000
48.220000
65.750000
85.930000
23.300000
37.930000
100.230000
3.620000
1.570000
66.990000
22.670000
1.590000
71.600000
57.140000
108.330000
78.370000
1.650000
1.730000
1.420000
13.480000
35.330000
1.490000
42.510000
1.610000
50.700000
86.920000
1.360000
1.720000
43.130000
1.600000
20.950000
1.560000
29.790000
75.540000
32.700000
1.600000
1.630000
47.890000
1.560000
60.340000
72.140000
18.760000
21.700000
1.540000
62.220000
1.630000
26.230000
9.720000
56.330000
62.810000
44.900000
102.380000
52.990000
1.450000
57.290000
28.000000
25.740000
112.000000
98.910000
95.110000
329.580000
166.070000
52.540000
416.560000
10.080000
66.390000
223.930000
35.240000
1.460000
43.560000
1.560000
62.860000
203.740000
86.100000
1.670000
135.160000
64.260000
3.800000
1.420000
26.940000
47.590000
1.590000
54.620000
17.430000
27.330000
93.930000
96.490000
1.600000
45.930000
24.020000
1.540000
2.160000
100.350000
44.060000
1.570000
34.780000
1.630000
25.160000
1.620000
1.700000
1.900000
1.960000
31.800000
98.880000
1.690000
39.990000
1.540000
78.840000
1.720000
30.550000
53.040000
24.100000
63.750000
93.170000
94.870000
1.640000
35.100000
29.180000
86.900000
1.660000
60.290000
1.590000
1.620000
107.750000
76.620000
1.660000
60.420000
113.720000
1.580000
1.620000
1.870000
96.500000
92.360000
1.570000
42.780000
67.670000
1.580000
26.730000
3.170000
73.810000
1.560000
3.400000
57.350000
65.990000
25.200000
1.650000
1.610000
50.870000
37.770000
1.560000
1.600000
20.890000
105.210000
1.240000
1.410000
1.510000
1.510000
85.470000
79.770000
44.880000
40.360000
1.550000
1.700000
76.600000
30.090000
52.350000
1.590000
42.310000
41.210000
111.530000
51.560000
106.570000
1.740000
12.980000
54.920000
69.650000
71.270000
1.590000
67.920000
82.190000
69.370000
3.260000
102.580000
94.780000
1.690000
91.270000
66.890000
85.260000
43.620000
1.500000
38.530000
38.040000
1.690000
48.540000
1.520000
1.670000
47.410000
16.520000
28.800000
74.680000
1.910000
100.800000
50.130000
78.930000
36.390000
69.460000
46.050000
62.300000
32.280000
75.670000
26.740000
32.900000
93.380000
91.710000
67.870000
1.560000
113.720000
1.600000
2.130000
1.500000
1.870000
62.890000
95.320000
1.440000
45.030000
82.410000
41.830000
1.580000
88.210000
1.610000
2.070000
61.070000
1.620000
65.750000
82.880000
2.530000
75.480000
2.540000
1.530000
54.950000
1.800000
1.680000
28.290000
31.410000
1.580000
75.210000
95.300000
97.020000
29.260000
2.130000
108.500000
71.190000
91.660000
108.890000
21.510000
55.810000
76.630000
1.620000
1.620000
44.790000
15.970000
1.680000
103.010000
53.390000
46.210000
39.220000
70.240000
87.120000
1.610000
80.630000
45.770000
65.750000
1.630000
62.440000
1.580000
110.110000
61.240000
66.640000
111.560000
1.670000
52.340000
70.360000
81.670000
16.850000
61.760000
86.180000
80.510000
14.070000
58.300000
1.600000
75.380000
68.840000
1.580000
188.980000
1.610000
77.740000
103.870000
1.870000
1.820000
1.760000
33.350000
70.530000
69.430000
79.380000
1.760000
1.510000
21.360000
1.660000
32.930000
1.710000
1.500000
103.730000
1.530000
1.550000
97.500000
16.280000
2.240000
102.920000
1.640000
55.350000
89.350000
1.640000
1.630000
113.110000
30.300000
101.020000
28.270000
3.150000
1.640000
1.660000
53.570000
1.580000
1.620000
1.710000
34.430000
1.590000
19.530000
56.770000
42.500000
50.420000
1.570000
14.850000
95.940000
1.710000
99.080000
57.680000
60.780000
1.550000
102.800000
2.040000
74.840000
56.180000
1.470000
2.470000
20.900000
25.360000
27.840000
88.840000
100.720000
1.610000
1.570000
1.570000
66.360000
1.660000
80.490000
103.240000
1.670000
77.110000
47.430000
82.710000
15.210000
27.910000
1.640000
26.390000
50.940000
40.130000
1.640000
1.520000
1.510000
1.770000
1.470000
1.620000
53.260000
1.600000
109.530000
37.470000
1.600000
40.570000
49.760000
63.860000
42.900000
1.630000
53.490000
112.090000
63.240000
77.270000
92.250000
61.100000
65.910000
1.600000
15.270000
74.570000
48.230000
44.690000
107.000000
78.720000
99.640000
91.870000
29.480000
87.840000
70.600000
1.570000
1.530000
101.770000
1.520000
43.160000
1.570000
77.480000
62.520000
107.410000
1.490000
1.560000
18.630000
51.800000
112.890000
1.630000
1.640000
1.750000
22.370000
1.600000
1.580000
74.210000
56.450000
71.890000
98.360000
1.650000
56.460000
1.670000
104.460000
69.750000
1.650000
82.430000
1.460000
21.830000
72.700000
2.140000
82.460000
80.880000
1.840000
47.780000
57.720000
27.530000
1.500000
217.150000
95.550000
45.570000
100.740000
12.170000
1.760000
196.700000
93.610000
99.620000
1.590000
51.870000
1.660000
98.510000
58.700000
1.480000
51.230000
61.080000
1.400000
1.760000
1.320000
1.370000
1.510000
81.830000
101.120000
113.520000
112.720000
1.610000
59.270000
1.670000
1.580000
83.520000
61.580000
38.830000
1.610000
105.820000
69.940000
44.690000
99.640000
82.560000
1.590000
47.510000
77.750000
1.940000
31.420000
1.600000
90.420000
71.710000
2.200000
96.510000
19.210000
48.320000
1.840000
95.640000
2.150000
37.990000
42.790000
105.620000
100.960000
53.510000
1.900000
1.580000
25.130000
1.660000
17.750000
3.160000
81.900000
1.510000
114.380000
1.650000
63.170000
1.580000
36.590000
105.230000
54.190000
65.670000
62.130000
26.780000
53.790000
36.790000
77.230000
1.490000
1.530000
20.730000
54.340000
83.650000
90.130000
73.130000
1.340000
95.780000
1.580000
1.920000
40.060000
75.590000
33.420000
58.830000
1.620000
31.310000
1.560000
106.940000
31.810000
76.430000
117.100000
102.320000
1.570000
2.430000
1.510000
104.060000
20.330000
20.650000
80.160000
68.160000
21.220000
53.100000
91.810000
84.880000
68.310000
99.980000
66.840000
99.210000
84.560000
1.580000
15.590000
20.470000
14.740000
77.890000
54.360000
1.560000
40.710000
1.590000
26.280000
109.730000
93.780000
24.780000
1.480000
37.400000
79.260000
26.940000
34.550000
62.530000
60.090000
1.830000
1.510000
2.000000
2.230000
1.650000
1.610000
1.550000
22.630000
1.490000
1.390000
1.420000
1.630000
1.580000
63.270000
1.610000
52.440000
83.740000
78.090000
82.380000
1.640000
1.620000
1.620000
1.550000
1.490000
66.560000
47.180000
82.950000
89.280000
18.640000
42.100000
1.630000
46.000000
78.800000
1.430000
70.190000
88.120000
63.300000
1.720000
18.460000
28.300000
88.950000
45.420000
61.980000
72.520000
76.450000
1.730000
1.620000
88.780000
9.950000
53.980000
34.950000
50.280000
1.540000
73.510000
14.350000
2.650000
13.720000
1.610000
1.600000
1.460000
1.400000
98.140000
1.600000
97.030000
2.360000
87.710000
1.920000
1.540000
100.070000
81.110000
111.020000
59.110000
90.790000
16.290000
72.730000
1.400000
98.910000
1.670000
1.850000
1.670000
1.550000
1.690000
45.720000
42.650000
57.730000
49.560000
54.520000
48.820000
89.630000
84.910000
1.760000
1.560000
1.630000
108.730000
1.430000
1.670000
1.530000
64.810000
1.560000
86.050000
101.520000
53.210000
83.890000
99.380000
1.570000
110.920000
34.450000
27.600000
115.970000
1.460000
1.720000
1.340000
2.190000
60.400000
1.650000
93.520000
1.580000
1.780000
1.690000
1.610000
15.660000
1.540000
88.060000
34.530000
1.620000
59.930000
1.620000
67.300000
13.070000
1.560000
1.540000
31.900000
110.940000
1.840000
1.580000
113.500000
48.280000
15.320000
109.700000
1.590000
1.480000
102.750000
1.870000
54.860000
1.680000
49.800000
1.390000
107.200000
100.920000
101.160000
1.600000
46.940000
25.520000
2.040000
1.710000
34.630000
52.020000
73.680000
68.170000
16.110000
52.580000
56.890000
1.550000
1.550000
1.410000
1.620000
1.560000
1.960000
1.560000
36.470000
25.840000
58.450000
1.460000
1.390000
1.730000
115.240000
27.920000
100.960000
1.540000
1.680000
33.760000
1.760000
87.500000
90.990000
23.630000
58.450000
99.700000
1.620000
73.390000
83.100000
100.790000
103.190000
102.640000
85.940000
55.010000
1.550000
1.580000
94.980000
100.350000
71.640000
1.540000
2.220000
29.690000
87.510000
25.360000
1.620000
1.520000
100.010000
23.960000
17.480000
1.630000
114.640000
58.540000
24.650000
51.900000
106.290000
89.080000
64.910000
52.220000
113.170000
1.590000
1.600000
1.670000
18.630000
70.840000
113.360000
47.710000
103.420000
48.050000
1.940000
37.650000
1.600000
99.650000
72.210000
1.570000
89.750000
51.890000
46.710000
114.470000
60.710000
20.650000
81.710000
39.800000
1.740000
71.280000
1.560000
13.410000
97.830000
76.410000
62.710000
410.090000
20.580000
22.710000
79.090000
75.690000
1.790000
47.720000
40.880000
20.200000
1.430000
71.090000
14.770000
40.800000
90.290000
1.580000
108.710000
32.010000
1.800000
1.400000
75.880000
74.820000
73.330000
60.370000
1.460000
44.220000
1.770000
39.440000
60.350000
1.560000
1.580000
33.360000
87.890000
84.610000
67.930000
62.180000
1.500000
18.790000
1.850000
69.380000
1.720000
12.810000
74.010000
1.630000
2.320000
23.170000
104.460000
84.570000
26.770000
1.460000
100.090000
1.570000
1.850000
1.400000
86.300000
1.710000
1.600000
75.130000
104.290000
71.930000
71.380000
61.440000
18.440000
1.650000
69.410000
44.330000
1.580000
2.070000
19.170000
75.170000
60.730000
87.030000
1.550000
69.680000
37.220000
203.200000
58.180000
78.120000
1.760000
72.720000
92.800000
47.470000
1.560000
91.810000
1.590000
42.520000
79.110000
98.110000
16.730000
101.540000
79.640000
1.660000
1.590000
138.610000
83.790000
114.450000
1.610000
1.630000
45.560000
101.310000
1.600000
1.590000
1.660000
2.010000
1.590000
1.610000
1.520000
13.110000
76.700000
143.700000
52.040000
1.760000
16.660000
14.590000
1.510000
25.410000
41.710000
1.750000
65.430000
21.550000
15.440000
1.490000
42.320000
1.600000
