1.400000
46.630000
16.080000
45.570000
1.820000
1.960000
4.410000
1.710000
57.920000
1.200000
1.340000
1.370000
1.420000
49.510000
77.460000
66.630000
61.250000
1.550000
2.340000
50.180000
47.580000
18.850000
1.530000
1.710000
1.560000
1.470000
11.020000
7.480000
1.590000
1.570000
1.570000
1.490000
54.430000
24.940000
45.870000
1.640000
42.380000
73.580000
1.480000
1.490000
1.430000
30.520000
31.270000
2.610000
8.110000
26.370000
1.550000
36.620000
58.660000
1.680000
1.450000
96.660000
46.380000
1.510000
20.560000
25.370000
64.440000
1.470000
66.810000
59.940000
1.500000
1.490000
6.030000
42.090000
78.820000
3.620000
2.400000
1.620000
1.550000
1.600000
6.950000
38.060000
55.000000
1.570000
25.830000
17.280000
1.380000
1.590000
14.370000
1.580000
19.450000
77.230000
53.350000
45.330000
1.380000
1.360000
42.540000
60.550000
73.830000
1.550000
1.560000
1.510000
1.290000
1.740000
1.510000
10.370000
1.530000
1.320000
1.300000
1.690000
1.300000
1.430000
1.520000
1.410000
31.350000
1.560000
46.920000
2.140000
38.980000
31.630000
1.510000
5.010000
1.580000
19.530000
1.520000
3.800000
1.880000
24.130000
4.290000
2.000000
13.930000
1.960000
15.930000
4.440000
8.020000
1.490000
76.440000
52.610000
35.710000
76.550000
2.300000
1.370000
59.940000
1.410000
1.560000
1.360000
1.340000
32.350000
69.820000
22.500000
1.510000
24.700000
81.610000
78.320000
11.930000
3.850000
1.640000
1.680000
1.570000
1.500000
1.570000
58.680000
1.500000
1.640000
49.430000
51.540000
3.010000
10.440000
21.180000
35.120000
1.580000
1.770000
1.520000
1.580000
1.640000
25.490000
56.330000
16.000000
16.310000
36.690000
1.520000
30.240000
1.800000
1.530000
15.340000
25.990000
1.760000
1.410000
1.480000
19.830000
1.520000
1.500000
50.470000
67.520000
1.350000
1.460000
1.310000
35.590000
44.980000
1.640000
78.360000
63.250000
1.790000
1.520000
27.380000
1.750000
57.240000
11.630000
1.480000
1.360000
1.520000
27.340000
1.520000
1.500000
1.520000
67.990000
2.060000
72.380000
56.810000
1.540000
1.500000
1.560000
1.560000
1.600000
1.530000
25.330000
1.550000
48.710000
8.400000
1.520000
53.050000
1.370000
9.610000
37.410000
21.130000
55.540000
24.440000
10.860000
49.640000
1.590000
1.740000
28.460000
36.600000
1.590000
1.550000
2.300000
1.330000
1.350000
66.030000
1.670000
1.520000
1.590000
1.560000
1.490000
69.320000
30.040000
1.520000
1.500000
52.650000
32.930000
1.470000
17.640000
1.510000
1.500000
45.140000
1.340000
1.510000
45.410000
68.410000
59.940000
1.520000
1.500000
1.700000
16.070000
20.410000
1.500000
1.520000
1.490000
1.510000
1.960000
1.670000
1.690000
1.610000
205.400000
1.530000
39.190000
367.810000
22.140000
102.710000
66.330000
146.270000
31.770000
1.500000
1.510000
1.510000
1.470000
1.530000
22.730000
11.670000
1.530000
43.360000
161.960000
1.560000
12.080000
42.560000
43.300000
61.240000
1.550000
1.580000
44.950000
47.660000
48.910000
1.750000
1.500000
39.130000
1.550000
56.940000
1.630000
40.460000
1.720000
1.550000
1.650000
1.530000
4.430000
1.390000
1.460000
72.020000
53.610000
1.550000
1.550000
62.450000
39.210000
46.060000
13.640000
46.430000
1.790000
1.780000
1.740000
1.950000
37.100000
1.520000
48.970000
31.010000
1.540000
69.470000
1.510000
2.310000
1.500000
1.760000
67.070000
19.780000
1.500000
10.850000
1.620000
3.120000
53.330000
77.900000
1.780000
39.010000
38.760000
54.850000
30.890000
1.530000
1.300000
67.320000
1.620000
27.830000
45.030000
1.330000
1.300000
1.410000
28.780000
49.880000
27.060000
75.160000
1.590000
29.280000
69.450000
63.880000
63.320000
1.580000
1.390000
1.480000
48.460000
40.060000
1.450000
37.090000
1.410000
1.510000
60.590000
1.480000
1.610000
36.560000
1.530000
62.130000
40.870000
1.590000
1.510000
3.130000
27.390000
1.560000
72.970000
1.510000
59.940000
31.490000
7.700000
1.350000
1.400000
54.290000
9.640000
2.210000
33.830000
21.150000
1.380000
1.400000
1.580000
1.390000
1.530000
1.500000
49.170000
10.490000
1.530000
65.760000
7.020000
57.810000
1.770000
1.550000
1.580000
1.460000
41.790000
1.530000
1.520000
59.990000
8.650000
49.390000
1.440000
2.500000
33.450000
1.950000
31.670000
1.550000
35.820000
1.830000
27.600000
1.570000
1.500000
36.850000
72.730000
21.670000
53.030000
4.320000
3.410000
27.600000
46.890000
4.890000
19.990000
23.340000
1.730000
48.530000
1.550000
1.790000
1.590000
18.770000
1.610000
80.950000
1.520000
1.710000
42.630000
1.580000
1.790000
1.500000
1.560000
65.160000
64.550000
1.510000
39.090000
35.430000
1.630000
50.310000
40.890000
1.560000
1.500000
1.630000
49.970000
18.170000
1.500000
1.520000
1.660000
1.510000
4.860000
62.210000
1.530000
5.810000
1.560000
1.570000
1.510000
1.540000
1.770000
4.250000
50.250000
1.520000
64.550000
11.560000
1.410000
1.440000
1.510000
73.160000
41.010000
1.410000
70.150000
1.540000
1.530000
17.850000
1.510000
1.930000
1.600000
1.490000
45.490000
9.410000
1.490000
1.750000
24.620000
62.790000
56.750000
11.600000
1.580000
1.530000
1.530000
43.740000
1.560000
5.670000
8.790000
1.530000
48.690000
51.710000
1.610000
43.970000
44.320000
14.200000
1.620000
54.740000
53.780000
32.850000
1.610000
59.460000
13.860000
1.600000
17.080000
1.530000
1.560000
1.380000
61.900000
1.640000
1.520000
1.490000
50.270000
1.590000
64.280000
1.540000
15.890000
1.530000
1.540000
77.830000
1.550000
27.870000
4.190000
36.850000
1.670000
1.400000
1.580000
1.510000
1.680000
34.250000
1.450000
1.550000
45.070000
64.750000
105.750000
1.370000
42.760000
1.780000
52.380000
1.550000
26.180000
15.980000
1.540000
1.420000
40.170000
1.590000
77.370000
1.390000
1.500000
1.500000
1.570000
1.680000
38.660000
68.080000
6.450000
19.410000
1.570000
1.230000
1.400000
1.510000
46.870000
1.630000
44.470000
3.870000
1.450000
65.260000
1.880000
1.510000
1.560000
1.720000
19.560000
1.450000
38.370000
1.520000
1.560000
1.550000
47.420000
54.090000
74.820000
9.760000
11.540000
1.570000
1.600000
1.550000
15.070000
1.500000
1.510000
68.850000
23.300000
1.580000
2.220000
1.550000
1.570000
1.700000
42.030000
50.830000
47.540000
61.860000
2.880000
40.260000
1.700000
6.480000
1.410000
11.320000
78.280000
5.620000
187.950000
1.500000
1.520000
156.080000
26.200000
5.180000
105.240000
113.110000
7.780000
35.420000
16.270000
10.400000
2.350000
17.720000
1.520000
66.410000
48.350000
20.290000
33.430000
1.590000
1.950000
39.930000
34.040000
70.800000
5.850000
67.600000
1.520000
1.490000
1.790000
1.530000
1.630000
5.270000
2.100000
5.630000
1.730000
1.590000
1.540000
44.590000
1.510000
1.540000
58.230000
1.560000
1.620000
1.600000
1.570000
31.810000
1.550000
1.610000
51.890000
1.430000
1.480000
1.940000
1.570000
1.550000
65.130000
1.560000
47.300000
1.670000
40.510000
1.770000
1.570000
44.210000
1.940000
40.370000
1.630000
1.560000
23.730000
1.680000
1.550000
1.580000
14.670000
1.550000
31.010000
1.340000
1.570000
12.790000
50.230000
1.620000
43.680000
1.600000
1.530000
41.780000
23.590000
1.570000
1.590000
27.650000
59.390000
52.530000
1.570000
2.170000
7.800000
1.380000
1.600000
1.550000
58.360000
1.440000
3.430000
1.520000
23.990000
1.680000
1.530000
1.850000
1.890000
7.050000
1.520000
1.550000
1.570000
1.690000
1.530000
1.530000
1.530000
21.160000
25.570000
26.350000
59.780000
1.540000
1.410000
1.520000
1.710000
1.570000
1.400000
11.170000
44.180000
59.130000
53.570000
47.740000
1.390000
26.950000
1.500000
1.450000
1.600000
1.610000
1.510000
51.360000
7.970000
5.270000
1.540000
1.620000
1.890000
1.520000
5.210000
76.090000
70.940000
19.820000
1.560000
1.760000
1.590000
24.230000
1.590000
75.850000
1.590000
45.770000
1.930000
1.560000
34.520000
2.150000
22.640000
50.940000
54.360000
37.230000
43.500000
48.670000
29.380000
1.570000
30.150000
61.080000
27.380000
3.550000
1.420000
33.770000
1.560000
34.910000
67.040000
1.600000
1.640000
77.540000
1.320000
1.420000
22.050000
22.170000
44.630000
42.970000
12.640000
69.380000
1.610000
44.090000
5.380000
1.530000
10.770000
1.520000
1.690000
26.930000
25.780000
1.630000
1.340000
17.400000
67.900000
1.540000
1.550000
39.880000
1.530000
29.030000
1.520000
2.770000
36.550000
1.410000
1.550000
1.420000
27.010000
1.590000
1.790000
1.420000
17.890000
27.420000
39.490000
1.540000
43.290000
1.500000
1.590000
41.370000
43.540000
45.910000
71.790000
3.490000
11.890000
11.390000
1.540000
1.350000
1.380000
1.580000
52.370000
1.400000
10.620000
53.630000
62.040000
33.280000
1.560000
5.150000
1.510000
1.670000
36.370000
1.370000
1.320000
18.220000
8.190000
1.530000
47.170000
1.780000
1.680000
1.560000
1.580000
12.120000
1.540000
6.160000
1.770000
40.800000
4.420000
1.360000
1.900000
71.780000
8.070000
47.770000
1.360000
1.550000
1.510000
1.460000
13.930000
13.620000
20.870000
1.560000
51.990000
60.520000
1.910000
1.490000
73.370000
24.620000
1.800000
1.860000
1.810000
28.290000
10.400000
1.390000
46.430000
12.270000
1.560000
79.380000
1.570000
1.370000
1.580000
36.290000
27.160000
16.860000
16.360000
1.450000
11.370000
1.540000
60.850000
68.020000
1.800000
1.490000
1.500000
28.910000
1.460000
1.380000
18.950000
1.540000
77.630000
66.060000
1.620000
30.070000
1.560000
1.560000
19.350000
1.560000
60.640000
1.480000
1.620000
1.550000
15.460000
1.600000
9.370000
1.490000
58.280000
1.580000
1.600000
1.580000
38.900000
119.710000
80.640000
1.560000
4.810000
1.530000
36.750000
28.710000
57.160000
1.530000
75.890000
15.220000
32.840000
53.070000
1.500000
4.940000
67.230000
1.630000
1.500000
34.020000
1.520000
1.500000
38.580000
23.970000
75.330000
45.390000
1.460000
1.360000
1.400000
1.220000
2.320000
3.270000
9.500000
1.530000
17.690000
53.940000
1.590000
1.580000
10.180000
1.520000
1.530000
1.520000
1.440000
42.540000
1.380000
2.250000
1.630000
14.870000
1.510000
27.360000
39.310000
1.570000
1.520000
1.600000
29.230000
1.620000
1.520000
1.610000
23.330000
29.840000
11.660000
69.400000
19.990000
1.500000
24.310000
1.570000
1.530000
79.060000
65.800000
62.150000
296.520000
133.110000
19.520000
383.270000
1.610000
33.470000
190.920000
2.240000
1.460000
10.610000
1.560000
29.860000
170.770000
53.130000
1.540000
102.220000
31.250000
1.320000
1.360000
1.390000
14.590000
1.610000
21.600000
1.600000
1.490000
60.980000
63.480000
1.580000
12.820000
1.530000
1.550000
1.540000
67.350000
11.050000
1.450000
1.770000
1.520000
1.510000
1.630000
1.600000
1.500000
1.540000
1.380000
65.890000
1.550000
7.030000
1.550000
45.840000
1.620000
1.530000
20.100000
1.500000
30.880000
60.180000
61.920000
1.570000
2.120000
1.450000
53.970000
1.870000
27.310000
1.540000
1.880000
74.800000
43.700000
1.580000
27.380000
80.700000
1.630000
1.580000
1.780000
63.660000
59.400000
1.550000
9.760000
35.520000
1.560000
1.830000
1.600000
40.820000
1.840000
1.300000
24.110000
33.060000
1.750000
1.620000
1.540000
17.900000
4.680000
1.410000
1.870000
1.620000
72.250000
1.170000
1.350000
1.380000
2.100000
52.550000
46.790000
11.770000
7.390000
1.750000
1.610000
43.640000
1.950000
19.450000
1.520000
9.120000
8.190000
78.530000
18.590000
73.300000
1.550000
1.550000
21.910000
36.660000
38.310000
1.520000
34.940000
49.240000
36.390000
1.580000
69.570000
61.650000
1.390000
58.270000
34.950000
52.320000
10.640000
1.670000
5.470000
5.090000
2.030000
15.530000
1.520000
1.790000
14.380000
1.980000
1.400000
41.640000
1.620000
67.660000
16.900000
45.820000
3.200000
36.510000
12.730000
29.420000
1.420000
42.710000
1.650000
2.040000
60.400000
58.750000
34.890000
1.580000
80.790000
1.400000
17.560000
1.670000
2.130000
29.450000
62.290000
1.420000
12.060000
49.390000
8.830000
1.620000
55.180000
1.640000
1.850000
28.130000
1.530000
32.730000
49.910000
1.610000
42.300000
1.530000
1.510000
21.730000
2.310000
1.540000
1.520000
1.300000
1.510000
42.510000
62.370000
64.030000
1.440000
1.520000
75.610000
38.160000
58.730000
75.900000
1.510000
22.840000
43.670000
1.540000
1.720000
11.880000
1.560000
1.750000
70.180000
20.400000
13.200000
6.230000
37.270000
54.160000
1.670000
47.660000
12.780000
32.820000
1.590000
29.170000
1.730000
77.120000
28.290000
33.340000
78.570000
1.550000
19.370000
37.420000
48.680000
1.530000
28.860000
53.270000
47.540000
1.450000
25.270000
1.610000
42.450000
35.940000
1.550000
155.990000
1.550000
44.790000
70.910000
1.650000
1.560000
1.460000
1.500000
37.510000
36.440000
46.360000
1.490000
1.590000
1.530000
1.540000
1.480000
1.670000
2.620000
70.800000
1.630000
1.500000
64.470000
1.550000
1.490000
69.970000
1.530000
22.360000
56.470000
1.790000
1.520000
80.120000
1.430000
67.980000
1.500000
1.800000
1.620000
1.550000
20.530000
1.820000
1.500000
1.650000
1.440000
1.600000
1.570000
23.790000
9.520000
17.430000
1.490000
1.720000
62.910000
1.400000
66.050000
24.670000
27.760000
1.480000
69.830000
1.560000
41.850000
23.020000
1.570000
1.510000
1.560000
1.520000
1.530000
55.860000
67.750000
1.680000
1.510000
1.560000
33.360000
1.560000
47.530000
70.270000
1.550000
44.150000
14.450000
49.670000
1.640000
1.520000
1.820000
1.450000
17.960000
7.170000
1.530000
1.930000
1.530000
1.380000
1.550000
2.250000
20.240000
1.870000
76.520000
4.530000
1.510000
7.370000
16.860000
30.860000
9.920000
1.510000
20.480000
79.090000
29.980000
44.330000
59.370000
28.080000
32.930000
1.520000
1.570000
41.570000
15.240000
11.780000
74.000000
45.660000
66.530000
58.900000
1.260000
54.850000
37.590000
1.690000
1.550000
68.770000
1.490000
10.180000
1.490000
44.490000
29.550000
74.400000
1.530000
1.500000
1.500000
18.830000
79.900000
1.520000
1.560000
1.530000
1.590000
1.540000
1.530000
41.250000
23.560000
38.900000
65.350000
1.680000
23.490000
1.540000
71.430000
36.770000
1.480000
49.460000
1.710000
1.460000
39.690000
1.540000
49.320000
47.930000
1.520000
14.480000
24.610000
3.540000
1.510000
184.180000
62.550000
12.540000
67.750000
1.600000
1.530000
163.690000
60.640000
66.710000
1.570000
18.850000
1.380000
65.560000
25.700000
1.550000
18.290000
28.050000
1.440000
2.960000
1.360000
1.400000
1.410000
48.570000
68.050000
80.550000
79.780000
1.680000
26.140000
1.620000
1.700000
50.530000
28.560000
5.910000
1.540000
72.850000
36.920000
11.660000
66.560000
49.620000
1.560000
14.540000
44.780000
1.680000
1.470000
1.580000
57.470000
38.690000
2.010000
63.530000
1.560000
15.330000
1.640000
62.640000
1.370000
5.020000
9.790000
72.610000
67.970000
20.480000
1.550000
1.530000
1.480000
1.470000
1.440000
1.880000
48.670000
1.430000
81.380000
1.520000
30.200000
1.540000
3.590000
72.250000
21.170000
32.760000
29.120000
1.750000
20.830000
3.820000
44.220000
1.510000
1.580000
1.520000
21.350000
50.530000
57.150000
40.170000
1.560000
62.760000
1.610000
1.610000
7.050000
42.610000
1.680000
25.880000
1.650000
1.420000
1.400000
73.690000
1.500000
43.450000
84.110000
69.350000
1.750000
1.560000
1.500000
71.090000
1.560000
1.740000
47.200000
34.990000
1.510000
20.120000
58.800000
51.910000
35.320000
67.050000
33.850000
66.110000
51.620000
1.820000
1.730000
1.530000
1.600000
44.900000
21.290000
1.540000
7.500000
1.580000
1.560000
76.730000
60.810000
1.490000
1.520000
4.430000
46.260000
1.600000
1.640000
29.520000
27.080000
1.560000
2.430000
1.540000
1.420000
1.520000
1.560000
1.580000
1.380000
1.380000
1.630000
1.570000
1.520000
1.540000
30.280000
1.590000
19.430000
50.760000
45.100000
49.460000
1.540000
1.500000
1.570000
1.530000
1.610000
33.490000
14.090000
49.920000
56.310000
1.630000
9.070000
1.840000
12.970000
45.770000
1.400000
37.210000
55.190000
30.300000
1.530000
1.550000
1.510000
55.930000
12.450000
29.010000
39.540000
43.470000
2.150000
1.550000
55.790000
1.750000
20.960000
1.950000
17.350000
1.560000
40.570000
1.580000
1.460000
1.510000
1.470000
1.490000
1.430000
1.590000
65.040000
2.280000
64.080000
1.490000
54.720000
1.530000
1.450000
67.160000
48.130000
78.040000
26.070000
57.820000
1.380000
39.730000
2.040000
65.910000
1.930000
1.570000
1.540000
1.640000
1.560000
12.710000
9.670000
24.720000
16.570000
21.580000
15.830000
56.620000
51.950000
1.540000
1.650000
1.600000
75.780000
1.510000
1.540000
1.590000
31.910000
1.580000
53.080000
68.530000
20.240000
50.950000
66.460000
1.460000
77.840000
1.470000
1.810000
82.890000
1.370000
1.520000
1.410000
1.570000
27.380000
1.570000
60.540000
1.580000
1.600000
3.710000
1.540000
2.200000
1.480000
54.920000
1.520000
1.640000
27.000000
1.610000
34.240000
1.530000
1.590000
1.600000
1.420000
77.550000
1.680000
1.670000
80.440000
15.020000
1.500000
76.670000
1.570000
1.490000
69.810000
2.240000
21.960000
1.730000
16.790000
1.370000
74.310000
67.940000
68.250000
1.510000
13.940000
2.000000
1.560000
1.610000
1.760000
18.920000
40.850000
35.110000
1.600000
19.580000
23.890000
1.590000
1.620000
1.500000
1.530000
1.560000
1.560000
1.530000
3.470000
1.650000
25.490000
1.460000
1.420000
1.370000
82.240000
1.530000
68.060000
1.540000
1.540000
1.610000
1.580000
54.480000
57.980000
1.440000
25.440000
66.730000
1.590000
40.500000
50.070000
67.840000
70.190000
69.730000
52.960000
22.030000
1.520000
1.540000
62.000000
67.390000
38.630000
1.540000
1.530000
1.380000
54.580000
1.540000
1.470000
1.580000
67.040000
1.520000
1.520000
1.620000
81.650000
25.530000
1.580000
18.950000
73.290000
56.180000
31.900000
19.210000
80.190000
1.840000
1.400000
1.520000
1.550000
37.830000
80.350000
14.710000
70.460000
15.100000
1.560000
4.650000
1.550000
66.750000
39.310000
1.560000
56.920000
18.870000
13.690000
81.470000
27.750000
1.590000
48.720000
6.780000
1.460000
38.350000
1.580000
1.800000
64.900000
43.400000
29.470000
376.940000
1.940000
1.330000
46.180000
42.410000
1.540000
14.740000
7.860000
2.500000
1.840000
38.100000
1.600000
7.890000
57.350000
1.550000
75.550000
1.460000
1.610000
1.370000
42.870000
41.850000
40.350000
27.240000
1.690000
11.250000
1.440000
6.500000
27.350000
1.510000
1.580000
1.430000
54.920000
51.600000
34.920000
29.090000
1.510000
1.520000
1.520000
36.380000
1.910000
1.510000
41.000000
1.390000
1.570000
1.550000
71.440000
51.610000
1.850000
1.510000
67.110000
1.670000
1.410000
1.390000
53.310000
1.540000
1.590000
42.240000
71.200000
38.930000
38.370000
28.430000
1.730000
1.600000
36.270000
11.240000
1.290000
3.270000
1.630000
42.260000
27.680000
54.040000
1.580000
36.670000
4.230000
170.180000
25.230000
45.180000
1.520000
39.760000
60.000000
14.220000
1.660000
58.880000
1.460000
9.530000
46.050000
65.130000
1.630000
68.530000
46.650000
1.520000
1.550000
105.620000
50.870000
81.450000
1.580000
1.580000
12.550000
68.340000
1.640000
1.540000
1.550000
3.530000
1.550000
1.600000
1.480000
1.640000
43.720000
110.780000
19.100000
1.510000
1.550000
1.570000
1.600000
1.500000
8.530000
1.600000
32.430000
1.350000
1.640000
1.660000
9.310000
