1.390000
13.810000
1.810000
12.800000
1.840000
1.910000
2.200000
1.430000
25.020000
1.210000
1.490000
1.370000
1.770000
17.230000
44.880000
33.560000
28.550000
1.770000
1.760000
17.810000
14.970000
1.510000
1.560000
1.480000
1.500000
1.450000
1.570000
1.570000
1.510000
1.530000
1.560000
1.510000
21.820000
1.620000
13.180000
1.660000
9.650000
40.950000
1.430000
1.540000
1.670000
1.310000
1.350000
1.550000
1.850000
1.490000
1.480000
3.970000
25.950000
1.450000
1.550000
64.170000
14.040000
1.480000
1.580000
1.650000
31.720000
1.380000
34.140000
27.310000
1.440000
1.560000
1.630000
9.610000
46.270000
1.630000
1.990000
1.510000
1.500000
1.670000
1.560000
5.570000
22.340000
1.400000
1.500000
1.690000
1.520000
1.590000
1.530000
1.650000
1.710000
44.540000
20.570000
12.490000
1.390000
1.430000
9.800000
27.860000
41.260000
1.500000
1.620000
1.420000
1.560000
1.740000
1.520000
1.920000
1.510000
1.580000
1.330000
1.310000
1.470000
1.960000
1.480000
1.430000
2.280000
1.580000
14.290000
2.060000
6.250000
1.370000
1.520000
1.540000
1.570000
1.550000
1.540000
1.360000
1.390000
24.130000
1.560000
1.600000
1.770000
19.420000
12.860000
6.990000
13.430000
1.540000
43.690000
20.280000
3.000000
43.830000
1.530000
1.550000
27.510000
1.370000
1.340000
1.550000
1.520000
1.340000
37.440000
1.490000
1.490000
1.600000
49.160000
45.700000
1.650000
1.890000
1.540000
1.560000
1.540000
1.540000
1.450000
25.950000
1.630000
1.600000
16.920000
18.910000
1.530000
1.630000
1.540000
2.660000
1.860000
1.580000
1.760000
1.660000
1.780000
1.610000
23.720000
1.890000
1.790000
4.190000
1.510000
1.520000
1.670000
1.870000
1.690000
1.660000
1.510000
1.490000
1.390000
1.610000
1.680000
1.920000
17.880000
34.840000
1.250000
1.440000
1.410000
3.040000
12.470000
1.600000
45.870000
30.540000
1.510000
1.630000
1.520000
1.560000
24.490000
1.530000
1.940000
1.800000
1.620000
1.530000
1.530000
1.580000
1.560000
35.330000
1.850000
40.010000
24.410000
1.460000
1.480000
1.460000
2.250000
1.500000
1.970000
1.550000
1.430000
16.000000
1.540000
1.720000
20.220000
1.410000
1.350000
4.520000
1.590000
23.020000
1.540000
1.600000
17.100000
1.490000
1.530000
1.510000
3.830000
1.500000
1.480000
1.690000
1.500000
1.490000
33.380000
1.510000
1.550000
1.550000
1.550000
1.490000
36.900000
1.690000
1.510000
1.520000
20.130000
1.390000
1.520000
1.520000
1.570000
1.850000
12.380000
1.480000
1.510000
12.920000
35.600000
27.580000
2.770000
1.560000
1.500000
1.500000
1.630000
1.520000
1.640000
1.680000
1.510000
1.490000
1.450000
1.480000
1.510000
173.000000
1.610000
6.880000
335.060000
1.520000
69.910000
33.980000
113.520000
1.310000
1.560000
1.580000
1.540000
1.550000
1.610000
1.580000
1.550000
1.730000
10.620000
129.490000
1.490000
1.850000
10.580000
10.650000
28.520000
1.430000
1.590000
12.340000
15.140000
16.180000
1.810000
1.570000
6.460000
1.670000
24.360000
1.790000
7.730000
1.530000
1.500000
1.520000
1.540000
2.150000
1.400000
1.410000
39.280000
20.890000
1.440000
1.660000
34.480000
6.460000
13.450000
1.520000
13.730000
1.500000
2.080000
1.590000
1.960000
4.350000
1.560000
16.230000
1.420000
1.580000
37.030000
1.530000
1.560000
1.390000
1.670000
34.470000
1.750000
1.520000
1.650000
1.560000
1.520000
20.660000
45.420000
1.560000
6.230000
6.110000
22.190000
1.290000
1.360000
1.330000
34.630000
1.520000
1.510000
12.180000
1.520000
1.380000
1.550000
1.730000
17.180000
1.520000
42.430000
1.370000
1.400000
36.830000
31.240000
30.620000
1.580000
1.490000
1.530000
15.900000
7.390000
1.540000
4.470000
1.710000
1.630000
27.970000
1.540000
1.510000
3.850000
1.530000
29.560000
7.940000
1.560000
1.500000
1.520000
1.530000
1.560000
40.330000
1.590000
27.250000
1.600000
1.570000
1.380000
1.410000
21.540000
1.400000
1.800000
1.780000
1.660000
1.500000
1.500000
1.590000
1.570000
1.530000
1.560000
16.600000
1.850000
1.620000
33.080000
1.580000
25.090000
1.470000
1.500000
1.550000
1.610000
9.210000
1.530000
1.580000
27.330000
1.540000
16.760000
5.290000
1.620000
1.800000
1.520000
1.680000
1.440000
3.210000
1.520000
1.530000
1.660000
1.400000
4.280000
40.230000
1.530000
20.410000
1.580000
1.610000
1.520000
14.260000
2.210000
1.520000
23.340000
2.340000
15.880000
1.510000
1.530000
1.440000
1.570000
1.470000
48.270000
1.490000
1.550000
9.760000
1.510000
1.500000
1.500000
1.540000
32.460000
31.880000
1.510000
6.540000
2.790000
1.490000
17.620000
8.420000
1.520000
1.440000
1.530000
17.100000
1.430000
1.520000
1.620000
1.440000
1.560000
1.370000
29.590000
1.610000
1.530000
1.450000
1.590000
1.500000
1.580000
1.540000
1.510000
17.520000
1.520000
31.940000
1.530000
1.390000
1.550000
1.540000
40.500000
8.420000
1.390000
37.620000
1.600000
1.510000
1.580000
1.510000
1.500000
1.570000
1.580000
12.830000
1.760000
1.620000
1.440000
1.670000
30.290000
24.010000
1.570000
1.510000
1.450000
1.610000
11.060000
1.510000
1.640000
1.590000
1.830000
16.070000
19.200000
1.530000
11.240000
11.630000
1.740000
1.590000
21.950000
21.060000
1.370000
1.570000
26.770000
1.590000
1.500000
1.610000
1.550000
1.530000
1.630000
29.480000
1.560000
1.550000
1.530000
17.850000
1.570000
31.800000
1.540000
1.590000
1.550000
1.720000
45.140000
1.520000
1.530000
1.520000
4.110000
1.980000
1.480000
1.570000
1.500000
1.670000
1.560000
1.560000
1.530000
12.970000
32.070000
73.120000
1.570000
10.260000
1.510000
19.640000
1.470000
1.610000
1.480000
1.620000
1.490000
7.470000
1.320000
44.740000
1.580000
1.510000
1.650000
1.570000
3.430000
5.940000
35.470000
1.530000
1.510000
1.400000
1.390000
1.350000
1.590000
14.230000
1.510000
11.980000
1.590000
2.000000
32.610000
1.600000
1.810000
1.570000
1.970000
1.660000
1.560000
5.630000
1.580000
1.570000
1.360000
14.730000
21.320000
42.110000
1.530000
1.540000
2.020000
1.560000
1.480000
1.570000
1.500000
1.740000
36.490000
1.520000
1.540000
1.550000
1.600000
1.600000
1.630000
9.250000
18.220000
14.970000
29.270000
1.550000
7.610000
1.650000
1.550000
1.540000
2.190000
45.610000
3.160000
155.250000
1.530000
1.490000
123.420000
1.610000
114.780000
72.820000
80.580000
1.560000
2.880000
1.560000
1.570000
2.090000
1.560000
1.550000
33.920000
15.410000
2.510000
1.470000
1.560000
1.580000
11.900000
1.560000
38.190000
1.540000
34.760000
1.520000
1.510000
1.500000
1.570000
1.510000
1.480000
1.630000
1.550000
1.620000
2.220000
1.560000
12.210000
1.540000
1.520000
25.590000
1.500000
1.540000
2.000000
1.650000
1.390000
1.680000
1.820000
19.430000
1.630000
1.510000
1.770000
1.590000
1.700000
32.750000
1.750000
15.400000
1.590000
7.790000
1.720000
1.790000
11.690000
1.490000
7.730000
1.450000
1.610000
1.560000
2.040000
1.570000
1.670000
1.640000
1.860000
1.210000
1.630000
1.480000
1.800000
17.630000
1.560000
11.090000
1.530000
1.530000
9.100000
1.610000
1.520000
1.600000
1.590000
27.060000
19.830000
1.900000
1.590000
1.370000
1.490000
1.670000
1.560000
25.570000
1.500000
1.620000
1.750000
1.540000
1.770000
1.440000
1.490000
5.620000
1.540000
1.550000
1.590000
1.500000
1.560000
1.640000
1.590000
1.490000
1.530000
4.870000
1.930000
27.310000
1.550000
1.760000
1.560000
1.530000
1.550000
1.520000
1.450000
11.520000
26.430000
20.830000
47.740000
1.660000
1.500000
1.550000
1.610000
1.590000
1.580000
1.740000
18.560000
1.560000
2.330000
1.560000
1.520000
1.530000
1.490000
1.950000
43.490000
38.070000
1.610000
1.530000
1.430000
1.490000
1.580000
1.490000
43.250000
1.820000
13.330000
1.550000
1.540000
1.830000
1.590000
1.560000
18.270000
21.740000
4.840000
10.700000
16.000000
1.380000
1.610000
1.390000
28.370000
3.750000
1.590000
1.570000
1.260000
1.400000
2.210000
34.350000
1.380000
1.960000
44.850000
1.520000
1.680000
1.550000
1.520000
12.080000
10.420000
1.510000
36.610000
1.500000
11.540000
2.610000
1.570000
1.550000
1.520000
1.740000
1.350000
1.310000
1.510000
1.570000
1.580000
35.390000
1.510000
1.620000
7.160000
1.840000
1.540000
1.750000
1.550000
3.510000
1.530000
1.670000
1.420000
1.550000
1.530000
1.610000
1.590000
1.520000
1.630000
6.700000
1.590000
10.620000
1.370000
1.540000
8.750000
10.960000
13.170000
39.180000
1.610000
1.610000
1.520000
1.830000
1.410000
1.500000
1.740000
24.450000
1.570000
1.550000
20.880000
29.370000
1.600000
2.210000
2.770000
1.490000
1.680000
3.910000
1.270000
2.040000
4.880000
1.470000
1.550000
14.720000
1.410000
1.520000
1.500000
1.500000
1.950000
1.560000
1.520000
1.580000
8.010000
1.410000
1.350000
1.840000
39.140000
1.680000
15.170000
1.550000
1.550000
1.610000
1.510000
1.510000
1.570000
1.580000
2.070000
19.270000
27.720000
1.550000
1.510000
40.830000
1.560000
1.530000
1.860000
1.720000
1.820000
1.540000
1.520000
13.740000
1.510000
1.630000
46.690000
1.500000
1.620000
1.530000
3.580000
1.500000
1.630000
1.570000
2.610000
1.740000
1.520000
28.120000
35.220000
1.800000
1.600000
1.680000
1.690000
1.460000
2.080000
1.560000
1.550000
45.130000
33.340000
1.520000
1.350000
1.790000
1.540000
1.560000
1.510000
28.040000
1.420000
1.520000
1.610000
1.550000
1.540000
1.530000
1.530000
25.590000
1.600000
1.870000
1.690000
6.430000
87.260000
48.050000
2.430000
2.290000
1.630000
4.050000
1.610000
24.500000
1.450000
43.190000
1.550000
1.410000
20.370000
1.510000
2.400000
34.550000
1.680000
1.380000
1.330000
1.950000
1.570000
5.870000
1.550000
42.680000
12.690000
1.650000
1.340000
1.300000
1.150000
1.390000
1.620000
1.540000
1.540000
1.440000
21.230000
1.530000
1.490000
1.540000
1.540000
1.520000
1.530000
1.590000
9.870000
1.490000
1.440000
1.530000
1.560000
1.620000
1.550000
6.510000
1.650000
2.290000
1.390000
1.390000
1.530000
1.450000
1.530000
1.690000
1.220000
1.590000
36.880000
1.560000
1.590000
1.510000
1.620000
1.530000
46.600000
33.130000
29.590000
263.780000
100.480000
1.540000
350.780000
1.550000
2.080000
158.520000
1.410000
1.550000
1.640000
1.520000
1.360000
138.020000
20.460000
1.620000
69.780000
1.470000
1.380000
1.370000
1.510000
1.510000
1.550000
1.580000
1.660000
1.770000
28.270000
30.900000
1.370000
1.610000
1.570000
1.820000
1.690000
34.680000
1.820000
1.560000
1.550000
1.510000
1.520000
1.560000
1.560000
1.560000
1.540000
1.660000
33.410000
1.550000
1.530000
1.520000
13.200000
1.450000
1.560000
1.550000
1.510000
1.480000
27.800000
29.170000
1.430000
1.810000
1.530000
21.520000
1.570000
1.600000
1.640000
1.600000
42.330000
10.900000
1.580000
1.580000
48.250000
1.570000
1.940000
1.610000
30.940000
26.770000
1.680000
2.170000
2.440000
1.850000
1.640000
1.780000
8.310000
1.540000
2.210000
1.890000
1.700000
1.930000
1.420000
1.530000
1.540000
2.170000
1.570000
1.760000
1.560000
39.430000
1.760000
1.390000
1.480000
1.600000
20.000000
14.130000
1.610000
1.550000
1.600000
1.470000
11.180000
1.650000
1.520000
1.650000
1.890000
1.680000
45.830000
1.660000
40.720000
1.890000
1.450000
1.600000
3.960000
5.640000
1.580000
2.190000
16.440000
3.960000
1.760000
37.120000
29.230000
1.410000
25.370000
1.750000
19.610000
1.530000
1.600000
1.530000
1.400000
1.930000
1.520000
1.540000
1.620000
2.450000
1.440000
1.640000
8.990000
3.670000
35.320000
1.600000
13.470000
1.730000
3.880000
1.570000
1.750000
1.550000
10.320000
1.600000
1.620000
27.980000
26.280000
2.420000
2.170000
48.300000
1.540000
1.770000
2.140000
1.750000
1.760000
29.630000
1.390000
1.730000
16.560000
1.400000
1.570000
22.530000
1.690000
1.830000
1.670000
1.570000
1.280000
17.180000
1.520000
9.760000
1.540000
1.640000
1.540000
1.480000
1.510000
1.590000
1.590000
1.480000
9.420000
29.820000
31.280000
1.890000
1.650000
43.050000
5.590000
26.020000
43.210000
2.220000
1.940000
11.160000
1.590000
1.490000
1.830000
1.650000
2.080000
37.420000
1.740000
2.070000
1.680000
4.570000
21.710000
2.120000
15.220000
1.540000
1.370000
1.490000
1.410000
2.020000
44.400000
1.580000
1.380000
45.850000
1.400000
1.580000
4.900000
16.260000
1.570000
1.590000
20.550000
14.910000
1.570000
1.520000
1.600000
9.770000
3.160000
1.440000
123.310000
1.950000
12.100000
38.170000
1.590000
1.920000
1.360000
1.590000
4.840000
3.750000
13.700000
1.490000
1.530000
1.570000
1.550000
1.600000
1.590000
1.520000
38.050000
1.520000
1.640000
31.820000
1.530000
1.580000
37.440000
1.750000
2.030000
23.840000
1.490000
1.620000
47.430000
1.530000
35.360000
1.900000
1.540000
2.170000
1.550000
1.570000
1.670000
1.780000
1.950000
1.710000
1.600000
1.610000
2.050000
1.800000
2.110000
1.570000
1.610000
30.180000
2.910000
33.500000
1.530000
1.530000
1.560000
37.170000
1.550000
9.240000
1.570000
1.500000
1.520000
1.620000
1.580000
1.500000
23.240000
35.230000
1.530000
1.310000
1.720000
1.380000
1.460000
14.830000
37.750000
1.550000
11.620000
1.620000
16.960000
1.570000
1.610000
1.630000
1.400000
1.870000
1.640000
1.550000
1.390000
1.410000
2.430000
1.560000
1.570000
1.500000
1.530000
43.820000
1.480000
1.530000
1.520000
1.570000
1.470000
1.520000
1.560000
1.750000
46.510000
1.380000
11.560000
26.600000
1.620000
1.410000
1.880000
1.560000
9.100000
1.530000
1.520000
41.300000
13.000000
33.790000
26.280000
1.490000
22.160000
4.940000
1.810000
1.530000
36.040000
1.570000
1.500000
1.600000
11.880000
1.430000
41.750000
1.920000
1.540000
1.860000
1.590000
47.290000
1.570000
1.540000
1.510000
1.540000
1.580000
1.420000
8.770000
1.590000
6.270000
32.660000
1.580000
1.960000
1.530000
38.770000
4.080000
1.560000
16.930000
1.530000
1.590000
7.080000
1.520000
16.710000
15.260000
1.870000
1.630000
1.510000
1.640000
1.650000
151.490000
30.070000
1.630000
40.080000
1.600000
110.180000
131.060000
27.950000
34.030000
1.850000
1.410000
1.660000
32.820000
1.420000
1.570000
1.540000
1.950000
1.480000
1.350000
1.350000
1.330000
1.380000
16.280000
35.440000
47.940000
47.220000
1.750000
1.510000
1.560000
1.610000
17.890000
1.940000
2.560000
1.520000
40.180000
4.270000
1.700000
34.140000
16.870000
1.560000
1.450000
12.270000
1.460000
1.610000
1.510000
24.810000
6.030000
1.520000
30.930000
1.570000
1.630000
1.700000
29.870000
1.450000
1.410000
3.150000
39.870000
35.290000
1.520000
1.630000
1.930000
1.520000
1.550000
1.620000
1.860000
15.990000
1.440000
48.720000
1.560000
1.450000
1.750000
1.430000
39.750000
1.560000
1.370000
1.430000
1.850000
1.490000
1.580000
11.590000
1.530000
1.550000
1.570000
1.570000
17.850000
24.480000
7.680000
1.510000
30.110000
1.520000
1.550000
1.580000
9.970000
1.550000
1.670000
1.570000
1.510000
1.500000
41.220000
1.560000
10.690000
51.390000
36.690000
1.530000
1.490000
1.520000
38.340000
1.520000
1.540000
14.710000
2.210000
1.560000
1.520000
26.060000
19.130000
2.560000
34.270000
1.420000
33.530000
18.940000
1.680000
1.580000
1.570000
1.520000
12.210000
1.730000
1.620000
1.600000
1.510000
1.530000
44.040000
28.090000
1.510000
1.570000
1.560000
13.620000
1.730000
1.600000
1.390000
1.420000
1.550000
1.510000
1.360000
1.710000
1.500000
1.400000
2.160000
1.430000
1.340000
1.340000
1.510000
1.520000
1.590000
1.440000
1.440000
1.620000
18.080000
12.380000
16.790000
1.550000
1.510000
1.520000
1.530000
1.490000
1.600000
1.500000
17.160000
23.540000
1.620000
1.610000
1.620000
1.800000
12.980000
1.970000
4.490000
22.640000
1.370000
1.870000
1.570000
1.570000
23.340000
1.530000
1.270000
6.830000
10.780000
1.580000
1.550000
23.100000
1.570000
1.510000
1.710000
1.470000
1.510000
7.970000
1.640000
1.580000
1.420000
1.410000
1.560000
1.570000
1.510000
32.420000
1.560000
31.370000
1.560000
22.020000
1.510000
1.580000
34.720000
15.670000
45.320000
2.050000
25.320000
1.360000
6.980000
1.360000
33.200000
1.850000
1.560000
1.860000
1.680000
1.430000
1.570000
1.570000
1.600000
1.430000
1.650000
1.560000
24.130000
19.430000
1.540000
1.540000
1.910000
43.010000
1.490000
1.770000
1.540000
1.430000
1.490000
20.530000
35.850000
1.700000
18.140000
33.820000
1.560000
45.200000
1.520000
1.470000
50.080000
2.390000
1.390000
1.630000
1.510000
1.610000
1.440000
28.060000
1.620000
1.660000
1.390000
1.550000
1.830000
1.460000
22.350000
1.710000
1.590000
1.540000
1.550000
2.010000
1.550000
1.440000
1.660000
1.540000
44.830000
6.160000
1.520000
48.540000
1.480000
1.600000
44.010000
1.680000
1.600000
37.310000
1.520000
1.550000
1.670000
1.350000
1.370000
41.850000
35.330000
35.600000
1.840000
1.570000
1.550000
1.540000
1.550000
1.630000
1.460000
8.290000
2.560000
1.540000
1.540000
1.560000
2.110000
1.590000
1.480000
1.560000
1.610000
1.840000
1.540000
1.620000
1.830000
1.370000
1.410000
1.380000
1.200000
49.620000
1.360000
36.020000
1.650000
1.780000
1.540000
1.670000
22.020000
25.540000
2.260000
1.570000
33.950000
1.540000
7.760000
17.380000
35.380000
37.570000
37.080000
20.300000
1.520000
1.530000
1.620000
29.280000
34.740000
5.970000
2.100000
1.570000
1.600000
21.880000
1.540000
1.530000
2.150000
34.370000
1.590000
1.550000
1.380000
49.000000
1.630000
1.770000
1.470000
40.530000
24.030000
1.470000
1.710000
47.720000
1.840000
1.670000
1.540000
1.580000
5.170000
47.690000
1.590000
37.950000
1.610000
1.540000
2.400000
1.720000
34.060000
6.670000
1.390000
24.360000
2.330000
1.560000
48.750000
1.580000
1.530000
15.990000
1.480000
1.480000
5.680000
122.320000
89.200000
32.370000
10.710000
1.470000
344.520000
1.640000
1.370000
13.590000
9.840000
1.530000
1.560000
1.530000
1.890000
1.600000
5.440000
1.590000
1.560000
24.730000
1.490000
43.120000
1.460000
1.320000
1.400000
10.160000
9.260000
7.660000
1.520000
1.570000
1.600000
1.520000
1.550000
1.530000
1.640000
1.620000
1.520000
22.390000
19.030000
2.270000
1.550000
1.590000
1.500000
1.540000
3.980000
1.530000
1.380000
8.510000
1.460000
1.710000
1.540000
38.960000
19.470000
1.940000
1.530000
34.550000
1.820000
1.270000
1.450000
20.920000
1.560000
1.870000
9.570000
38.510000
6.260000
5.910000
1.530000
1.560000
1.580000
3.560000
1.500000
1.380000
1.600000
1.740000
9.650000
1.340000
54.040000
1.920000
3.940000
1.780000
137.630000
1.500000
12.560000
1.540000
7.240000
27.440000
1.680000
1.550000
26.210000
1.440000
1.640000
13.480000
32.500000
1.570000
35.810000
14.020000
1.520000
1.410000
72.900000
18.120000
48.710000
1.400000
1.680000
1.610000
35.870000
1.520000
1.570000
1.600000
3.530000
1.600000
1.380000
1.530000
1.490000
11.200000
78.310000
1.570000
1.740000
1.680000
1.540000
1.900000
2.090000
1.570000
1.600000
1.220000
1.320000
1.890000
1.750000
1.550000
